0	1.550808E+00
1	9.878296E-01
2	5.972416E-01
3	3.039813E-01
4	1.974270E-01
5	1.479264E-01
6	1.215169E-01
7	8.923101E-02
8	7.735921E-02
9	5.437103E-02
10	4.315599E-02
11	3.095804E-02
12	2.816962E-02
13	2.459872E-02
14	2.199605E-02
15	1.947789E-02
16	1.892935E-02
17	1.803159E-02
18	1.770276E-02
19	1.663393E-02
20	1.649886E-02
21	1.571691E-02
22	1.553560E-02
23	1.548036E-02
24	1.503653E-02
25	1.502454E-02
26	1.461377E-02
27	1.449759E-02
28	1.448843E-02
29	1.409557E-02
30	1.408835E-02
31	1.381330E-02
32	1.343123E-02
33	1.335592E-02
34	1.327715E-02
35	1.293236E-02
36	1.293051E-02
37	1.277572E-02
38	1.268578E-02
39	1.266272E-02
40	1.246381E-02
41	1.246180E-02
42	1.246106E-02
43	1.208478E-02
44	1.208450E-02
45	1.207729E-02
46	1.199605E-02
47	1.179463E-02
48	1.174440E-02
49	1.174377E-02
50	1.169288E-02
51	1.169262E-02
52	1.169209E-02
53	1.168808E-02
54	1.149563E-02
55	1.149519E-02
56	1.149487E-02
57	1.140878E-02
58	1.137765E-02
59	1.136817E-02
60	1.131088E-02
61	1.127020E-02
62	1.119889E-02
63	1.119879E-02
64	1.117191E-02
65	1.117171E-02
66	1.108628E-02
67	1.108623E-02
68	1.108605E-02
69	1.101267E-02
70	1.101260E-02
71	1.100252E-02
72	1.091363E-02
73	1.087788E-02
74	1.086629E-02
75	1.086624E-02
76	1.082751E-02
77	1.082735E-02
78	1.081192E-02
79	1.079258E-02
80	1.072729E-02
81	1.072698E-02
82	1.072507E-02
83	1.068666E-02
84	1.066746E-02
85	1.062614E-02
86	1.062151E-02
87	1.058582E-02
88	1.058350E-02
89	1.055509E-02
90	1.052415E-02
91	1.048992E-02
92	1.048985E-02
93	1.046839E-02
94	1.046832E-02
95	1.044305E-02
96	1.042625E-02
97	1.042617E-02
98	1.038931E-02
99	1.038197E-02
