0	4.482772E+06
1	3.536030E+06
2	2.372289E+06
3	1.387707E+06
4	7.383992E+05
5	3.756766E+05
6	1.956607E+05
7	1.108874E+05
8	7.039822E+04
9	5.136511E+04
10	4.283309E+04
11	3.642390E+04
12	3.282922E+04
13	3.023217E+04
14	2.763887E+04
15	2.581105E+04
16	2.498195E+04
17	2.408772E+04
18	2.353897E+04
19	2.284097E+04
20	2.251514E+04
21	2.204572E+04
22	2.151731E+04
23	2.129043E+04
24	2.114006E+04
25	2.072188E+04
26	2.051952E+04
27	2.041856E+04
28	2.012259E+04
29	1.974974E+04
30	1.914974E+04
31	1.888566E+04
32	1.862251E+04
33	1.841137E+04
34	1.821176E+04
35	1.800411E+04
36	1.786305E+04
37	1.750163E+04
38	1.738358E+04
39	1.721636E+04
40	1.704082E+04
41	1.697903E+04
42	1.667593E+04
43	1.664316E+04
44	1.649591E+04
45	1.642219E+04
46	1.639205E+04
47	1.623919E+04
48	1.615973E+04
49	1.604873E+04
50	1.582808E+04
51	1.576889E+04
52	1.565937E+04
53	1.553061E+04
54	1.544017E+04
55	1.542760E+04
56	1.540109E+04
57	1.529700E+04
58	1.526725E+04
59	1.522277E+04
60	1.502452E+04
61	1.496337E+04
62	1.487284E+04
63	1.478735E+04
64	1.471850E+04
65	1.463907E+04
66	1.461414E+04
67	1.460627E+04
68	1.460627E+04
69	1.457111E+04
70	1.454103E+04
71	1.454103E+04
72	1.449977E+04
73	1.444009E+04
74	1.444009E+04
75	1.439960E+04
76	1.436981E+04
77	1.427934E+04
78	1.425621E+04
79	1.422428E+04
80	1.422428E+04
81	1.419236E+04
82	1.417756E+04
83	1.409028E+04
84	1.408165E+04
85	1.403756E+04
86	1.397900E+04
87	1.395559E+04
88	1.394929E+04
89	1.394929E+04
90	1.386824E+04
91	1.384865E+04
92	1.383311E+04
93	1.377991E+04
94	1.371621E+04
95	1.366760E+04
96	1.365054E+04
97	1.364997E+04
98	1.361289E+04
99	1.355467E+04
100	1.353904E+04
101	1.351073E+04
102	1.351073E+04
103	1.349282E+04
104	1.346821E+04
105	1.346505E+04
106	1.345035E+04
107	1.342885E+04
108	1.341051E+04
109	1.341051E+04
110	1.341021E+04
111	1.332687E+04
112	1.331969E+04
113	1.331969E+04
114	1.330519E+04
115	1.325336E+04
116	1.324937E+04
117	1.318516E+04
118	1.317950E+04
119	1.317838E+04
120	1.315619E+04
121	1.312428E+04
122	1.312428E+04
123	1.310255E+04
124	1.304031E+04
125	1.297469E+04
126	1.294948E+04
127	1.290770E+04
128	1.289855E+04
129	1.287606E+04
130	1.285757E+04
131	1.285757E+04
132	1.282461E+04
133	1.278741E+04
134	1.278741E+04
135	1.278741E+04
136	1.276694E+04
137	1.272465E+04
138	1.271890E+04
139	1.270319E+04
140	1.270300E+04
141	1.267891E+04
142	1.258413E+04
143	1.254253E+04
144	1.254253E+04
145	1.251535E+04
146	1.251276E+04
147	1.248475E+04
148	1.248411E+04
149	1.248411E+04
150	1.241834E+04
151	1.228516E+04
152	1.226326E+04
153	1.225401E+04
154	1.223457E+04
155	1.223457E+04
156	1.223457E+04
157	1.223457E+04
158	1.223457E+04
159	1.221575E+04
160	1.220675E+04
161	1.218425E+04
162	1.218425E+04
163	1.216340E+04
164	1.216340E+04
165	1.215763E+04
166	1.215763E+04
167	1.210125E+04
168	1.210125E+04
169	1.207967E+04
170	1.205105E+04
171	1.205105E+04
172	1.205105E+04
173	1.194897E+04
174	1.194897E+04
175	1.191048E+04
176	1.186121E+04
177	1.182582E+04
178	1.180321E+04
179	1.178570E+04
180	1.178570E+04
181	1.178570E+04
182	1.178570E+04
183	1.178570E+04
184	1.177384E+04
185	1.177384E+04
186	1.177254E+04
187	1.177254E+04
188	1.177254E+04
189	1.177254E+04
190	1.177254E+04
191	1.177100E+04
192	1.177100E+04
193	1.174710E+04
194	1.174710E+04
195	1.171650E+04
196	1.170111E+04
197	1.170111E+04
198	1.161107E+04
199	1.157798E+04
200	1.157798E+04
201	1.157798E+04
202	1.157658E+04
203	1.156869E+04
204	1.156869E+04
205	1.156438E+04
206	1.156438E+04
207	1.156438E+04
208	1.156438E+04
209	1.156438E+04
210	1.154914E+04
211	1.148090E+04
212	1.145564E+04
213	1.142771E+04
214	1.138081E+04
215	1.138081E+04
216	1.138081E+04
217	1.137493E+04
218	1.135635E+04
219	1.135635E+04
220	1.133990E+04
221	1.133990E+04
222	1.133990E+04
223	1.133990E+04
224	1.133990E+04
225	1.132961E+04
226	1.132126E+04
227	1.132126E+04
228	1.132126E+04
229	1.132126E+04
230	1.131446E+04
231	1.131446E+04
232	1.131446E+04
233	1.131446E+04
234	1.131446E+04
235	1.130699E+04
236	1.130699E+04
237	1.130699E+04
238	1.130699E+04
239	1.130699E+04
240	1.130699E+04
241	1.130699E+04
242	1.129211E+04
243	1.129211E+04
244	1.129211E+04
245	1.129211E+04
246	1.129211E+04
247	1.129031E+04
248	1.128867E+04
249	1.128867E+04
250	1.128867E+04
251	1.128867E+04
252	1.128867E+04
253	1.127694E+04
254	1.127548E+04
255	1.127548E+04
256	1.127548E+04
257	1.122964E+04
258	1.122964E+04
259	1.119081E+04
260	1.119081E+04
261	1.119081E+04
262	1.119081E+04
263	1.119081E+04
264	1.119081E+04
265	1.118553E+04
266	1.117392E+04
267	1.117003E+04
268	1.115270E+04
269	1.113796E+04
270	1.111827E+04
271	1.111827E+04
272	1.111827E+04
273	1.111827E+04
274	1.111827E+04
275	1.109473E+04
276	1.105375E+04
277	1.102472E+04
278	1.099686E+04
279	1.098537E+04
280	1.098537E+04
281	1.098537E+04
282	1.098537E+04
283	1.096266E+04
284	1.095573E+04
285	1.095573E+04
286	1.095027E+04
287	1.095027E+04
288	1.095027E+04
289	1.095027E+04
290	1.095027E+04
291	1.093964E+04
292	1.093964E+04
293	1.093964E+04
294	1.093964E+04
295	1.093964E+04
296	1.093964E+04
297	1.093964E+04
298	1.093964E+04
299	1.093964E+04
300	1.093964E+04
301	1.093015E+04
302	1.088755E+04
303	1.088095E+04
304	1.086289E+04
305	1.086289E+04
306	1.086289E+04
307	1.086289E+04
308	1.083602E+04
309	1.083602E+04
310	1.083602E+04
311	1.083602E+04
312	1.083602E+04
313	1.083602E+04
314	1.083602E+04
315	1.083602E+04
316	1.083602E+04
317	1.083602E+04
318	1.083602E+04
319	1.083602E+04
320	1.083602E+04
321	1.083602E+04
322	1.083602E+04
323	1.082829E+04
324	1.082829E+04
325	1.082829E+04
326	1.082829E+04
327	1.082829E+04
328	1.081916E+04
329	1.079549E+04
330	1.079549E+04
331	1.079549E+04
332	1.079549E+04
333	1.079549E+04
334	1.079405E+04
335	1.079405E+04
336	1.079405E+04
337	1.079405E+04
338	1.079405E+04
339	1.078575E+04
340	1.077722E+04
341	1.077722E+04
342	1.073625E+04
343	1.073625E+04
344	1.073625E+04
345	1.073625E+04
346	1.073625E+04
347	1.073625E+04
348	1.073625E+04
349	1.073625E+04
350	1.073625E+04
351	1.073625E+04
352	1.073625E+04
353	1.073625E+04
354	1.070885E+04
355	1.070885E+04
356	1.070885E+04
357	1.070885E+04
358	1.070885E+04
359	1.070885E+04
360	1.070885E+04
361	1.070885E+04
362	1.070885E+04
363	1.070885E+04
364	1.069567E+04
365	1.069567E+04
366	1.067279E+04
367	1.067279E+04
368	1.067279E+04
369	1.067279E+04
370	1.067279E+04
371	1.067279E+04
372	1.065539E+04
373	1.065539E+04
374	1.065539E+04
375	1.065539E+04
376	1.065539E+04
377	1.065539E+04
378	1.065539E+04
379	1.065539E+04
380	1.065167E+04
381	1.065167E+04
382	1.061912E+04
383	1.061912E+04
384	1.061912E+04
385	1.061912E+04
386	1.061912E+04
387	1.060932E+04
388	1.059508E+04
389	1.058321E+04
390	1.058321E+04
391	1.056053E+04
392	1.055885E+04
393	1.055885E+04
394	1.055342E+04
395	1.055342E+04
396	1.055342E+04
397	1.055342E+04
398	1.055342E+04
399	1.055342E+04
400	1.055342E+04
401	1.055342E+04
402	1.055342E+04
403	1.055342E+04
404	1.055342E+04
405	1.055342E+04
406	1.055342E+04
407	1.053653E+04
408	1.048540E+04
409	1.048244E+04
410	1.045653E+04
411	1.045530E+04
412	1.044601E+04
413	1.044601E+04
414	1.044339E+04
415	1.043855E+04
416	1.043855E+04
417	1.043855E+04
418	1.043402E+04
419	1.043402E+04
420	1.043402E+04
421	1.043402E+04
422	1.043402E+04
423	1.043402E+04
424	1.043402E+04
425	1.043402E+04
426	1.043402E+04
427	1.043402E+04
428	1.043402E+04
429	1.043162E+04
430	1.043162E+04
431	1.043162E+04
432	1.043162E+04
433	1.043162E+04
434	1.043162E+04
435	1.043162E+04
436	1.043162E+04
437	1.043162E+04
438	1.042759E+04
439	1.042759E+04
440	1.038404E+04
441	1.038404E+04
442	1.038404E+04
443	1.038404E+04
444	1.038404E+04
445	1.038404E+04
446	1.038404E+04
447	1.038115E+04
448	1.037524E+04
449	1.037524E+04
450	1.037524E+04
451	1.037524E+04
452	1.037524E+04
453	1.037524E+04
454	1.037524E+04
455	1.036534E+04
456	1.036534E+04
457	1.033945E+04
458	1.033945E+04
459	1.033593E+04
460	1.033593E+04
461	1.033593E+04
462	1.033593E+04
463	1.033593E+04
464	1.033353E+04
465	1.033353E+04
466	1.033353E+04
467	1.033353E+04
468	1.033353E+04
469	1.032578E+04
470	1.032578E+04
471	1.032578E+04
472	1.032578E+04
473	1.030630E+04
474	1.030630E+04
475	1.030630E+04
476	1.030630E+04
477	1.030630E+04
478	1.030630E+04
479	1.030630E+04
480	1.030630E+04
481	1.030630E+04
482	1.030630E+04
483	1.030630E+04
484	1.030630E+04
485	1.030630E+04
486	1.030248E+04
487	1.030248E+04
488	1.027797E+04
489	1.026919E+04
490	1.024993E+04
491	1.024993E+04
492	1.024993E+04
493	1.024993E+04
494	1.024993E+04
495	1.024993E+04
496	1.024993E+04
497	1.024993E+04
498	1.024993E+04
499	1.024993E+04
500	1.024993E+04
501	1.024993E+04
502	1.024993E+04
503	1.024993E+04
504	1.024993E+04
505	1.024993E+04
506	1.023984E+04
507	1.022714E+04
508	1.022714E+04
509	1.022714E+04
510	1.019031E+04
511	1.019031E+04
512	1.015150E+04
513	1.015150E+04
514	1.015150E+04
515	1.015150E+04
516	1.015150E+04
517	1.015150E+04
518	1.015150E+04
519	1.015150E+04
520	1.015150E+04
521	1.015150E+04
522	1.012427E+04
523	1.012427E+04
524	1.012427E+04
525	1.012427E+04
526	1.012427E+04
527	1.012427E+04
528	1.012427E+04
529	1.012427E+04
530	1.012427E+04
531	1.012427E+04
532	1.012427E+04
533	1.012427E+04
534	1.012427E+04
535	1.012427E+04
536	1.012427E+04
537	1.012427E+04
538	1.012427E+04
539	1.011419E+04
540	1.011419E+04
541	1.011419E+04
542	1.011419E+04
543	1.011419E+04
544	1.011419E+04
545	1.011419E+04
546	1.011419E+04
547	1.011419E+04
548	1.011419E+04
549	1.011419E+04
550	1.011419E+04
551	1.011419E+04
552	1.011419E+04
553	1.011419E+04
554	1.011419E+04
555	1.011419E+04
556	1.011419E+04
557	1.011419E+04
558	1.011419E+04
