0	9.474843E+05
1	7.499489E+05
2	4.965379E+05
3	2.883657E+05
4	1.478001E+05
5	7.050886E+04
6	3.469630E+04
7	1.870831E+04
8	1.199336E+04
9	8.335460E+03
10	6.841899E+03
11	6.059772E+03
12	5.146514E+03
13	4.580837E+03
14	4.292845E+03
15	4.006293E+03
16	3.834468E+03
17	3.662024E+03
18	3.511622E+03
19	3.405418E+03
20	3.238944E+03
21	3.145053E+03
22	3.028568E+03
23	2.934072E+03
24	2.881807E+03
25	2.838678E+03
26	2.761286E+03
27	2.726402E+03
28	2.696848E+03
29	2.648019E+03
30	2.609002E+03
31	2.587106E+03
32	2.530453E+03
33	2.501924E+03
34	2.488810E+03
35	2.460413E+03
36	2.430054E+03
37	2.387251E+03
38	2.363047E+03
39	2.347102E+03
40	2.325696E+03
41	2.304733E+03
42	2.261931E+03
43	2.254261E+03
44	2.248004E+03
45	2.243785E+03
46	2.226974E+03
47	2.218978E+03
48	2.203482E+03
49	2.197386E+03
50	2.175689E+03
51	2.175109E+03
52	2.159239E+03
53	2.142718E+03
54	2.129140E+03
55	2.116393E+03
56	2.102259E+03
57	2.086410E+03
58	2.076961E+03
59	2.068130E+03
60	2.057270E+03
61	2.036904E+03
62	2.030488E+03
63	2.023475E+03
64	2.014057E+03
65	2.006440E+03
66	1.993466E+03
67	1.983929E+03
68	1.978739E+03
69	1.968636E+03
70	1.945792E+03
71	1.940900E+03
72	1.937434E+03
73	1.937434E+03
74	1.937434E+03
75	1.933657E+03
76	1.931313E+03
77	1.917657E+03
78	1.889609E+03
79	1.872601E+03
80	1.871936E+03
81	1.869420E+03
82	1.868411E+03
83	1.867012E+03
84	1.858288E+03
85	1.858123E+03
86	1.840515E+03
87	1.826695E+03
88	1.820046E+03
89	1.819883E+03
90	1.806899E+03
91	1.803706E+03
92	1.794313E+03
93	1.794018E+03
94	1.781509E+03
95	1.774313E+03
96	1.770205E+03
97	1.764730E+03
98	1.764730E+03
99	1.764730E+03
100	1.757520E+03
101	1.741427E+03
102	1.738387E+03
103	1.715221E+03
104	1.706601E+03
105	1.706601E+03
106	1.700367E+03
107	1.688499E+03
108	1.687549E+03
109	1.683122E+03
110	1.675126E+03
111	1.675126E+03
112	1.661445E+03
113	1.660860E+03
114	1.660860E+03
115	1.660860E+03
116	1.660860E+03
117	1.660860E+03
118	1.660860E+03
119	1.660860E+03
120	1.660860E+03
121	1.658694E+03
122	1.658694E+03
123	1.649414E+03
124	1.645712E+03
125	1.643757E+03
126	1.641920E+03
127	1.638740E+03
128	1.632743E+03
129	1.632743E+03
130	1.632743E+03
131	1.632743E+03
132	1.617068E+03
133	1.617068E+03
134	1.615304E+03
135	1.610871E+03
136	1.610871E+03
137	1.600875E+03
138	1.600875E+03
139	1.594626E+03
140	1.594626E+03
141	1.583099E+03
142	1.583099E+03
143	1.583099E+03
144	1.576561E+03
145	1.576561E+03
146	1.569258E+03
147	1.569258E+03
148	1.565069E+03
149	1.564922E+03
150	1.554562E+03
151	1.551949E+03
152	1.551899E+03
153	1.538098E+03
154	1.531486E+03
155	1.531486E+03
156	1.531486E+03
157	1.531486E+03
158	1.531486E+03
159	1.527287E+03
160	1.527287E+03
161	1.527287E+03
162	1.521469E+03
163	1.516599E+03
164	1.516125E+03
165	1.515477E+03
166	1.506197E+03
167	1.506197E+03
168	1.506197E+03
169	1.506197E+03
170	1.506197E+03
171	1.498223E+03
172	1.498223E+03
173	1.498223E+03
174	1.498223E+03
175	1.494957E+03
176	1.491975E+03
177	1.490766E+03
178	1.490766E+03
179	1.490766E+03
180	1.490766E+03
181	1.490766E+03
182	1.490766E+03
183	1.490766E+03
184	1.490766E+03
185	1.490766E+03
186	1.490766E+03
187	1.481336E+03
188	1.481336E+03
189	1.481336E+03
190	1.481336E+03
191	1.481336E+03
192	1.481336E+03
193	1.481336E+03
194	1.481336E+03
195	1.481336E+03
196	1.478431E+03
197	1.477861E+03
198	1.477861E+03
199	1.477861E+03
200	1.477861E+03
201	1.477861E+03
202	1.477861E+03
203	1.477861E+03
204	1.477861E+03
205	1.477861E+03
206	1.477861E+03
207	1.475935E+03
208	1.475387E+03
209	1.475387E+03
210	1.475387E+03
211	1.475387E+03
212	1.473329E+03
213	1.473329E+03
214	1.473329E+03
215	1.473329E+03
216	1.473329E+03
217	1.473329E+03
218	1.472783E+03
219	1.472783E+03
220	1.471528E+03
221	1.470030E+03
222	1.470030E+03
223	1.470030E+03
224	1.468833E+03
225	1.464008E+03
226	1.456764E+03
227	1.456764E+03
228	1.456764E+03
229	1.454794E+03
230	1.454794E+03
231	1.454794E+03
232	1.454794E+03
233	1.454794E+03
234	1.454347E+03
235	1.454347E+03
236	1.454347E+03
237	1.454042E+03
238	1.454042E+03
239	1.450841E+03
240	1.449115E+03
241	1.446518E+03
242	1.443842E+03
243	1.443842E+03
244	1.443842E+03
245	1.443842E+03
246	1.443842E+03
247	1.443283E+03
248	1.443283E+03
249	1.443244E+03
250	1.443244E+03
251	1.443244E+03
252	1.442187E+03
253	1.442187E+03
254	1.442187E+03
255	1.442187E+03
256	1.442187E+03
257	1.442187E+03
258	1.440774E+03
259	1.440583E+03
260	1.436023E+03
261	1.428491E+03
262	1.428491E+03
263	1.428491E+03
264	1.428439E+03
265	1.428439E+03
266	1.428439E+03
267	1.428439E+03
268	1.423661E+03
269	1.423661E+03
270	1.420880E+03
271	1.420880E+03
272	1.418989E+03
273	1.418989E+03
274	1.418989E+03
275	1.416642E+03
276	1.416642E+03
277	1.412138E+03
278	1.412138E+03
279	1.412138E+03
280	1.412138E+03
281	1.412138E+03
282	1.404460E+03
283	1.404460E+03
284	1.404460E+03
285	1.404460E+03
286	1.404460E+03
287	1.400381E+03
288	1.400381E+03
289	1.398837E+03
290	1.398837E+03
291	1.398837E+03
292	1.398837E+03
293	1.398837E+03
294	1.397708E+03
295	1.397708E+03
296	1.397708E+03
297	1.393954E+03
298	1.393954E+03
299	1.393954E+03
300	1.393954E+03
301	1.393954E+03
302	1.393954E+03
303	1.393954E+03
304	1.390944E+03
305	1.389337E+03
306	1.389337E+03
307	1.389337E+03
308	1.389030E+03
309	1.386851E+03
310	1.386851E+03
311	1.386851E+03
312	1.386851E+03
313	1.383742E+03
314	1.380535E+03
315	1.380535E+03
316	1.380535E+03
317	1.380535E+03
318	1.380535E+03
319	1.380535E+03
320	1.377468E+03
321	1.377468E+03
322	1.376258E+03
323	1.376258E+03
324	1.376258E+03
325	1.376258E+03
326	1.376258E+03
327	1.375520E+03
328	1.375520E+03
329	1.375520E+03
330	1.374162E+03
331	1.374162E+03
332	1.374162E+03
333	1.374162E+03
334	1.372019E+03
335	1.372019E+03
336	1.367784E+03
337	1.367784E+03
338	1.367784E+03
339	1.367784E+03
340	1.367784E+03
341	1.367784E+03
342	1.367784E+03
343	1.363744E+03
344	1.362512E+03
345	1.362512E+03
346	1.362512E+03
347	1.362512E+03
348	1.362512E+03
349	1.362512E+03
350	1.362512E+03
351	1.362512E+03
352	1.360302E+03
353	1.360302E+03
354	1.360302E+03
355	1.360143E+03
356	1.360143E+03
357	1.356327E+03
358	1.356327E+03
359	1.356327E+03
360	1.355814E+03
361	1.355814E+03
362	1.355814E+03
363	1.355814E+03
364	1.355814E+03
365	1.354012E+03
366	1.354012E+03
367	1.354012E+03
368	1.353537E+03
369	1.353537E+03
370	1.353537E+03
371	1.350393E+03
372	1.350393E+03
373	1.350393E+03
374	1.350393E+03
375	1.350393E+03
376	1.350393E+03
377	1.345789E+03
378	1.345789E+03
379	1.345789E+03
380	1.339208E+03
381	1.339208E+03
382	1.339208E+03
383	1.339208E+03
384	1.339208E+03
385	1.339208E+03
386	1.339208E+03
387	1.339208E+03
388	1.338545E+03
389	1.338545E+03
390	1.338545E+03
391	1.338545E+03
392	1.338545E+03
393	1.338545E+03
394	1.338545E+03
395	1.338545E+03
396	1.336412E+03
397	1.336412E+03
398	1.331985E+03
399	1.331985E+03
400	1.331599E+03
401	1.323245E+03
402	1.323245E+03
403	1.323245E+03
404	1.323245E+03
405	1.323245E+03
406	1.323245E+03
407	1.323101E+03
408	1.323101E+03
409	1.323101E+03
410	1.321052E+03
411	1.319931E+03
412	1.319931E+03
413	1.319931E+03
414	1.319931E+03
415	1.319931E+03
416	1.319931E+03
417	1.319931E+03
418	1.319766E+03
419	1.318472E+03
420	1.318472E+03
421	1.318472E+03
422	1.318472E+03
423	1.318472E+03
424	1.318472E+03
425	1.314000E+03
426	1.314000E+03
427	1.314000E+03
428	1.308747E+03
429	1.308747E+03
430	1.308747E+03
431	1.307080E+03
432	1.307080E+03
433	1.307080E+03
434	1.307080E+03
435	1.307080E+03
436	1.304124E+03
437	1.304124E+03
438	1.304124E+03
439	1.304124E+03
440	1.300326E+03
441	1.300326E+03
442	1.300326E+03
443	1.300326E+03
444	1.300326E+03
445	1.300326E+03
446	1.300326E+03
447	1.300326E+03
448	1.300326E+03
449	1.300326E+03
450	1.300326E+03
451	1.300326E+03
452	1.300326E+03
453	1.300326E+03
454	1.300326E+03
455	1.298273E+03
456	1.298273E+03
457	1.298273E+03
458	1.298273E+03
459	1.298273E+03
460	1.298273E+03
461	1.290693E+03
462	1.289059E+03
463	1.289059E+03
464	1.289059E+03
465	1.289059E+03
466	1.289059E+03
467	1.289059E+03
468	1.289059E+03
469	1.285491E+03
470	1.285491E+03
471	1.285491E+03
472	1.285491E+03
473	1.285491E+03
474	1.285491E+03
475	1.277910E+03
476	1.277910E+03
477	1.277910E+03
478	1.276909E+03
479	1.276909E+03
480	1.276909E+03
481	1.276909E+03
482	1.276909E+03
483	1.276909E+03
484	1.275317E+03
485	1.274134E+03
486	1.273192E+03
487	1.273192E+03
488	1.273192E+03
489	1.273192E+03
490	1.273192E+03
491	1.270385E+03
492	1.270385E+03
493	1.270385E+03
494	1.270385E+03
495	1.270385E+03
496	1.270385E+03
497	1.270385E+03
498	1.270086E+03
499	1.270086E+03
500	1.269129E+03
501	1.269129E+03
502	1.269129E+03
503	1.269129E+03
504	1.269129E+03
505	1.268370E+03
506	1.268370E+03
507	1.268370E+03
508	1.268370E+03
509	1.264551E+03
510	1.264551E+03
511	1.264551E+03
512	1.264551E+03
513	1.264551E+03
514	1.262816E+03
515	1.262816E+03
516	1.260569E+03
517	1.260569E+03
518	1.260569E+03
519	1.260569E+03
520	1.260569E+03
521	1.260569E+03
522	1.260569E+03
523	1.260569E+03
524	1.260569E+03
525	1.260569E+03
526	1.260569E+03
527	1.260569E+03
528	1.259173E+03
529	1.259173E+03
530	1.259173E+03
531	1.259173E+03
532	1.257067E+03
533	1.253708E+03
534	1.253708E+03
535	1.253708E+03
536	1.253708E+03
537	1.253708E+03
538	1.253708E+03
539	1.253708E+03
540	1.253708E+03
541	1.253708E+03
542	1.253708E+03
543	1.253708E+03
544	1.253708E+03
545	1.253708E+03
546	1.253708E+03
547	1.253708E+03
548	1.253708E+03
549	1.253708E+03
550	1.253048E+03
551	1.253048E+03
552	1.253048E+03
553	1.253048E+03
554	1.253048E+03
555	1.253048E+03
556	1.252348E+03
557	1.252348E+03
558	1.252348E+03
559	1.252348E+03
560	1.252348E+03
561	1.252348E+03
562	1.252348E+03
563	1.252348E+03
564	1.244977E+03
565	1.244977E+03
566	1.244977E+03
567	1.244977E+03
568	1.244977E+03
569	1.242214E+03
570	1.242214E+03
571	1.242214E+03
572	1.242214E+03
573	1.242214E+03
574	1.242214E+03
575	1.242214E+03
576	1.242214E+03
577	1.242214E+03
578	1.242214E+03
579	1.242214E+03
580	1.242214E+03
581	1.242214E+03
582	1.242214E+03
583	1.241488E+03
584	1.241488E+03
585	1.241488E+03
586	1.241488E+03
587	1.241488E+03
588	1.240705E+03
589	1.240705E+03
590	1.240705E+03
591	1.240705E+03
592	1.240365E+03
593	1.240365E+03
594	1.240365E+03
595	1.240365E+03
596	1.240365E+03
597	1.240365E+03
598	1.240365E+03
599	1.240365E+03
600	1.240365E+03
601	1.240365E+03
602	1.240365E+03
603	1.240365E+03
604	1.240365E+03
605	1.240365E+03
606	1.240365E+03
607	1.240365E+03
608	1.240365E+03
609	1.240365E+03
610	1.240365E+03
611	1.240365E+03
