0	3.559801E+07
1	2.714506E+07
2	1.767208E+07
3	1.047790E+07
4	5.795529E+06
5	3.176288E+06
6	1.898553E+06
7	1.350343E+06
8	1.054333E+06
9	8.601742E+05
10	7.517323E+05
11	6.777373E+05
12	6.332256E+05
13	6.019337E+05
14	5.836312E+05
15	5.621868E+05
16	5.558988E+05
17	5.482674E+05
18	5.403677E+05
19	5.359426E+05
20	5.330144E+05
21	5.309811E+05
22	5.292086E+05
23	5.246109E+05
24	5.189638E+05
25	5.103574E+05
26	5.066215E+05
27	5.014936E+05
28	4.928136E+05
29	4.895998E+05
30	4.859267E+05
31	4.827891E+05
32	4.802651E+05
33	4.779243E+05
34	4.751353E+05
35	4.737315E+05
36	4.737315E+05
37	4.724820E+05
38	4.719710E+05
39	4.708694E+05
40	4.694500E+05
41	4.673632E+05
42	4.652343E+05
43	4.624774E+05
44	4.590406E+05
45	4.588312E+05
46	4.572305E+05
47	4.568233E+05
48	4.559551E+05
49	4.554210E+05
50	4.532853E+05
51	4.520454E+05
52	4.497017E+05
53	4.485513E+05
54	4.450892E+05
55	4.450892E+05
56	4.444821E+05
57	4.428639E+05
58	4.412015E+05
59	4.403888E+05
60	4.387816E+05
61	4.387423E+05
62	4.369629E+05
63	4.358432E+05
64	4.354744E+05
65	4.346376E+05
66	4.344725E+05
67	4.331802E+05
68	4.324262E+05
69	4.320232E+05
70	4.296094E+05
71	4.282026E+05
72	4.268578E+05
73	4.256264E+05
74	4.252091E+05
75	4.252091E+05
76	4.248937E+05
77	4.240450E+05
78	4.231994E+05
79	4.224577E+05
80	4.221087E+05
81	4.221087E+05
82	4.220103E+05
83	4.214557E+05
84	4.211805E+05
85	4.197577E+05
86	4.197577E+05
87	4.189372E+05
88	4.171923E+05
89	4.168046E+05
90	4.168046E+05
91	4.166466E+05
92	4.166466E+05
93	4.160300E+05
94	4.160300E+05
95	4.160300E+05
96	4.159772E+05
97	4.157386E+05
98	4.154531E+05
99	4.154531E+05
100	4.154531E+05
101	4.143982E+05
102	4.143982E+05
103	4.132498E+05
104	4.131214E+05
105	4.113579E+05
106	4.112712E+05
107	4.112712E+05
108	4.107916E+05
109	4.107761E+05
110	4.102489E+05
111	4.100568E+05
112	4.089262E+05
113	4.087987E+05
114	4.087987E+05
115	4.087987E+05
116	4.087987E+05
117	4.076341E+05
118	4.070996E+05
119	4.070996E+05
120	4.070996E+05
121	4.070996E+05
122	4.067146E+05
123	4.063390E+05
124	4.062285E+05
125	4.059825E+05
126	4.059825E+05
127	4.059825E+05
128	4.058992E+05
129	4.058992E+05
130	4.058992E+05
131	4.049546E+05
132	4.049546E+05
133	4.049455E+05
134	4.049455E+05
135	4.049455E+05
136	4.049455E+05
137	4.049455E+05
138	4.049455E+05
139	4.049455E+05
140	4.039627E+05
141	4.031564E+05
142	4.029853E+05
143	4.029853E+05
144	4.029853E+05
145	4.027060E+05
146	4.020806E+05
147	4.020806E+05
148	4.019375E+05
149	4.018484E+05
150	4.018484E+05
151	4.018484E+05
152	4.018013E+05
153	4.018013E+05
154	4.018013E+05
155	4.018013E+05
156	4.016862E+05
157	4.011873E+05
158	4.000491E+05
159	4.000491E+05
160	3.996190E+05
161	3.996190E+05
162	3.996190E+05
163	3.996155E+05
164	3.993053E+05
165	3.986643E+05
166	3.983537E+05
167	3.983537E+05
168	3.982289E+05
169	3.982289E+05
170	3.982289E+05
171	3.978700E+05
172	3.974317E+05
173	3.970205E+05
174	3.961237E+05
175	3.957074E+05
176	3.954994E+05
177	3.954994E+05
178	3.934827E+05
179	3.934827E+05
180	3.931139E+05
181	3.922336E+05
182	3.919817E+05
183	3.916430E+05
184	3.914671E+05
185	3.909146E+05
186	3.909146E+05
187	3.909146E+05
188	3.909146E+05
189	3.899074E+05
190	3.899074E+05
191	3.899074E+05
192	3.899074E+05
193	3.893652E+05
194	3.893602E+05
195	3.893602E+05
196	3.893602E+05
197	3.892007E+05
198	3.885301E+05
199	3.881647E+05
200	3.881647E+05
201	3.874467E+05
202	3.874467E+05
203	3.874467E+05
204	3.874467E+05
205	3.874467E+05
206	3.874467E+05
207	3.867010E+05
208	3.866605E+05
209	3.866605E+05
210	3.866293E+05
211	3.866293E+05
212	3.864533E+05
213	3.864533E+05
214	3.864533E+05
215	3.864533E+05
216	3.860796E+05
217	3.860796E+05
218	3.860796E+05
219	3.859939E+05
220	3.859939E+05
221	3.859939E+05
222	3.859939E+05
223	3.859939E+05
224	3.859939E+05
225	3.859673E+05
226	3.859673E+05
227	3.846823E+05
228	3.846823E+05
229	3.845793E+05
230	3.845793E+05
231	3.845793E+05
232	3.844627E+05
233	3.844627E+05
234	3.844627E+05
235	3.841401E+05
236	3.840251E+05
237	3.835652E+05
238	3.835652E+05
239	3.833681E+05
240	3.833659E+05
241	3.833659E+05
242	3.829822E+05
243	3.826671E+05
244	3.825201E+05
245	3.825201E+05
246	3.821332E+05
247	3.814099E+05
248	3.812900E+05
249	3.812900E+05
250	3.808506E+05
251	3.800076E+05
252	3.800076E+05
253	3.800076E+05
254	3.800076E+05
255	3.800076E+05
256	3.794703E+05
257	3.794703E+05
258	3.792467E+05
259	3.780606E+05
260	3.780606E+05
261	3.780606E+05
262	3.780553E+05
263	3.780553E+05
264	3.780553E+05
265	3.778633E+05
266	3.777211E+05
267	3.777211E+05
268	3.768226E+05
269	3.768226E+05
270	3.767930E+05
271	3.759732E+05
272	3.753560E+05
273	3.753474E+05
274	3.752436E+05
275	3.743954E+05
276	3.743954E+05
277	3.743954E+05
278	3.743954E+05
279	3.739947E+05
280	3.739947E+05
281	3.739947E+05
282	3.739947E+05
283	3.735231E+05
284	3.734846E+05
285	3.732848E+05
286	3.732848E+05
287	3.732848E+05
288	3.731672E+05
289	3.731672E+05
290	3.731672E+05
291	3.731672E+05
292	3.731672E+05
293	3.731672E+05
294	3.731672E+05
295	3.731672E+05
296	3.731672E+05
297	3.724281E+05
298	3.719151E+05
299	3.719151E+05
300	3.719151E+05
301	3.719151E+05
302	3.719151E+05
303	3.719151E+05
304	3.718312E+05
305	3.718312E+05
306	3.718312E+05
307	3.718312E+05
308	3.718312E+05
309	3.718312E+05
310	3.718312E+05
311	3.710522E+05
312	3.710522E+05
313	3.710522E+05
314	3.710522E+05
315	3.710522E+05
316	3.710522E+05
317	3.710522E+05
318	3.710522E+05
319	3.710522E+05
320	3.710522E+05
321	3.710522E+05
322	3.708478E+05
323	3.698436E+05
324	3.682668E+05
325	3.681587E+05
326	3.674204E+05
327	3.668298E+05
328	3.668298E+05
329	3.658532E+05
330	3.658532E+05
331	3.657457E+05
332	3.653071E+05
333	3.653071E+05
334	3.651058E+05
335	3.651058E+05
336	3.651058E+05
337	3.651058E+05
338	3.646073E+05
339	3.643453E+05
340	3.642652E+05
341	3.642652E+05
342	3.642652E+05
343	3.642652E+05
344	3.637496E+05
345	3.637496E+05
346	3.635838E+05
347	3.635838E+05
348	3.632828E+05
349	3.632828E+05
350	3.632828E+05
351	3.632828E+05
352	3.627052E+05
353	3.627052E+05
354	3.625773E+05
355	3.625773E+05
356	3.625773E+05
357	3.620238E+05
358	3.619234E+05
359	3.616332E+05
360	3.616332E+05
361	3.616332E+05
362	3.603212E+05
363	3.603212E+05
364	3.603212E+05
365	3.594691E+05
366	3.589471E+05
367	3.589471E+05
368	3.588865E+05
369	3.585774E+05
370	3.585556E+05
371	3.576789E+05
372	3.570145E+05
373	3.570145E+05
374	3.570145E+05
375	3.570145E+05
376	3.570145E+05
377	3.570145E+05
378	3.570145E+05
379	3.570145E+05
380	3.570145E+05
381	3.570145E+05
382	3.564322E+05
383	3.563007E+05
384	3.553796E+05
385	3.553796E+05
386	3.553796E+05
387	3.553796E+05
388	3.546626E+05
389	3.546626E+05
390	3.546626E+05
391	3.546626E+05
392	3.546626E+05
393	3.546626E+05
394	3.546626E+05
395	3.542270E+05
396	3.531396E+05
397	3.531396E+05
398	3.529695E+05
399	3.529695E+05
400	3.527193E+05
401	3.527193E+05
402	3.527193E+05
403	3.527193E+05
404	3.527193E+05
405	3.527193E+05
406	3.527193E+05
407	3.518451E+05
408	3.518451E+05
409	3.518451E+05
410	3.518451E+05
411	3.516804E+05
412	3.516804E+05
413	3.503860E+05
414	3.503860E+05
415	3.503860E+05
416	3.503860E+05
417	3.502395E+05
418	3.502395E+05
419	3.500532E+05
420	3.497502E+05
421	3.497502E+05
422	3.497502E+05
423	3.497502E+05
424	3.496131E+05
425	3.496131E+05
426	3.496131E+05
427	3.496131E+05
428	3.493496E+05
429	3.493496E+05
430	3.493496E+05
431	3.493496E+05
432	3.493496E+05
433	3.492358E+05
434	3.490401E+05
435	3.490401E+05
436	3.490401E+05
437	3.490367E+05
438	3.490367E+05
439	3.490367E+05
440	3.489242E+05
441	3.489242E+05
442	3.489242E+05
443	3.488060E+05
444	3.488060E+05
445	3.488060E+05
446	3.488060E+05
447	3.487909E+05
448	3.487909E+05
449	3.482770E+05
450	3.482770E+05
451	3.480180E+05
452	3.480180E+05
453	3.480180E+05
454	3.480180E+05
455	3.479108E+05
456	3.479108E+05
457	3.476715E+05
458	3.475130E+05
459	3.475130E+05
460	3.475130E+05
461	3.472212E+05
462	3.472212E+05
463	3.472212E+05
464	3.472212E+05
465	3.470668E+05
466	3.470668E+05
467	3.470592E+05
468	3.470592E+05
469	3.470592E+05
470	3.470592E+05
471	3.470592E+05
472	3.470216E+05
473	3.470216E+05
474	3.463373E+05
475	3.462053E+05
476	3.462053E+05
477	3.462053E+05
478	3.460763E+05
479	3.459188E+05
480	3.459188E+05
481	3.457891E+05
482	3.457891E+05
483	3.454002E+05
484	3.454002E+05
485	3.441400E+05
486	3.441400E+05
487	3.441400E+05
488	3.441400E+05
489	3.440741E+05
490	3.440741E+05
491	3.440741E+05
492	3.440741E+05
493	3.437578E+05
494	3.437578E+05
495	3.435434E+05
496	3.435434E+05
497	3.435434E+05
498	3.435434E+05
499	3.435434E+05
500	3.435434E+05
501	3.435434E+05
502	3.435434E+05
503	3.435434E+05
504	3.435434E+05
505	3.433084E+05
506	3.433084E+05
507	3.433084E+05
508	3.433084E+05
509	3.433084E+05
510	3.433084E+05
511	3.433084E+05
512	3.430183E+05
513	3.430183E+05
514	3.430183E+05
515	3.430008E+05
516	3.430008E+05
517	3.430008E+05
518	3.430008E+05
519	3.430008E+05
520	3.424887E+05
521	3.421856E+05
522	3.421856E+05
523	3.421856E+05
524	3.421856E+05
525	3.421856E+05
526	3.421856E+05
527	3.421856E+05
528	3.421856E+05
529	3.421856E+05
530	3.421574E+05
531	3.421574E+05
532	3.419579E+05
533	3.419579E+05
534	3.419579E+05
535	3.419579E+05
536	3.419218E+05
537	3.418648E+05
538	3.416849E+05
539	3.411042E+05
540	3.411042E+05
541	3.408171E+05
542	3.405127E+05
543	3.402483E+05
544	3.398717E+05
545	3.398717E+05
546	3.398717E+05
547	3.398717E+05
548	3.396970E+05
549	3.396970E+05
550	3.396970E+05
551	3.396970E+05
552	3.395684E+05
553	3.393147E+05
554	3.392740E+05
555	3.392130E+05
556	3.392130E+05
557	3.392130E+05
558	3.392130E+05
559	3.392130E+05
560	3.392130E+05
561	3.392130E+05
562	3.392130E+05
563	3.392130E+05
564	3.392130E+05
565	3.389862E+05
566	3.389862E+05
567	3.389862E+05
568	3.389843E+05
569	3.386696E+05
570	3.386696E+05
571	3.386696E+05
572	3.386696E+05
573	3.386696E+05
574	3.386696E+05
575	3.385762E+05
576	3.385645E+05
577	3.385645E+05
578	3.385645E+05
579	3.385645E+05
580	3.385645E+05
581	3.385645E+05
582	3.385645E+05
583	3.385645E+05
584	3.385645E+05
585	3.385645E+05
586	3.385645E+05
587	3.385645E+05
588	3.380070E+05
589	3.380070E+05
590	3.379932E+05
591	3.379932E+05
592	3.379932E+05
593	3.379932E+05
594	3.379932E+05
595	3.379932E+05
596	3.373912E+05
597	3.373912E+05
598	3.373912E+05
599	3.373912E+05
600	3.373912E+05
601	3.373912E+05
602	3.373912E+05
603	3.372715E+05
604	3.372715E+05
605	3.370982E+05
606	3.370982E+05
607	3.370982E+05
608	3.370982E+05
609	3.369777E+05
610	3.369777E+05
611	3.369777E+05
612	3.369777E+05
613	3.369777E+05
614	3.369777E+05
615	3.369777E+05
616	3.366702E+05
617	3.366702E+05
618	3.366702E+05
619	3.366317E+05
620	3.365282E+05
621	3.364429E+05
622	3.364429E+05
623	3.364429E+05
624	3.364429E+05
625	3.364429E+05
626	3.364429E+05
627	3.358369E+05
628	3.358369E+05
629	3.358369E+05
630	3.358369E+05
631	3.358369E+05
632	3.358369E+05
633	3.356686E+05
634	3.356081E+05
635	3.356081E+05
636	3.356081E+05
637	3.356081E+05
638	3.356081E+05
639	3.356081E+05
640	3.356081E+05
641	3.356081E+05
642	3.356081E+05
643	3.356081E+05
644	3.356081E+05
645	3.355938E+05
646	3.355938E+05
647	3.355938E+05
648	3.355938E+05
649	3.355155E+05
650	3.355155E+05
651	3.352817E+05
652	3.351738E+05
653	3.349442E+05
654	3.347345E+05
655	3.347345E+05
656	3.342801E+05
657	3.336777E+05
658	3.336777E+05
659	3.336777E+05
660	3.336777E+05
661	3.336777E+05
662	3.336777E+05
663	3.336777E+05
664	3.336777E+05
665	3.336777E+05
666	3.336777E+05
667	3.336777E+05
668	3.327304E+05
669	3.327304E+05
670	3.327304E+05
671	3.327186E+05
672	3.327186E+05
673	3.327186E+05
674	3.327186E+05
675	3.327186E+05
676	3.327186E+05
677	3.327186E+05
678	3.327186E+05
679	3.324144E+05
680	3.322984E+05
681	3.320400E+05
682	3.317213E+05
683	3.317213E+05
684	3.317213E+05
685	3.317213E+05
686	3.317213E+05
687	3.317213E+05
688	3.317213E+05
689	3.317213E+05
690	3.317213E+05
691	3.317213E+05
692	3.317213E+05
693	3.314776E+05
694	3.314776E+05
695	3.314735E+05
696	3.314735E+05
697	3.314735E+05
698	3.314735E+05
699	3.314735E+05
700	3.314735E+05
701	3.314735E+05
702	3.314735E+05
703	3.314735E+05
704	3.314735E+05
705	3.314735E+05
706	3.310946E+05
707	3.310946E+05
708	3.309771E+05
709	3.308461E+05
710	3.308461E+05
711	3.308461E+05
712	3.308461E+05
713	3.308461E+05
714	3.308461E+05
715	3.308461E+05
716	3.308461E+05
717	3.308461E+05
718	3.308461E+05
719	3.308461E+05
720	3.308461E+05
721	3.308461E+05
722	3.308461E+05
723	3.308461E+05
724	3.308461E+05
725	3.308461E+05
726	3.304789E+05
727	3.304789E+05
728	3.304789E+05
729	3.304789E+05
730	3.303340E+05
731	3.303340E+05
732	3.303340E+05
733	3.303340E+05
734	3.303340E+05
735	3.303040E+05
736	3.302038E+05
737	3.301056E+05
738	3.299617E+05
739	3.299617E+05
740	3.299617E+05
741	3.299617E+05
742	3.299617E+05
743	3.299617E+05
744	3.299617E+05
745	3.296193E+05
746	3.296193E+05
747	3.296193E+05
748	3.291865E+05
749	3.291865E+05
750	3.286352E+05
751	3.286352E+05
752	3.286352E+05
753	3.283281E+05
754	3.283281E+05
755	3.283281E+05
756	3.283281E+05
757	3.283281E+05
758	3.282904E+05
759	3.282904E+05
760	3.282904E+05
761	3.282904E+05
762	3.282904E+05
763	3.282904E+05
764	3.282904E+05
765	3.282904E+05
766	3.282904E+05
767	3.282904E+05
768	3.282017E+05
769	3.282017E+05
770	3.282017E+05
771	3.282017E+05
772	3.281784E+05
773	3.280211E+05
774	3.280211E+05
775	3.280211E+05
776	3.280211E+05
777	3.280211E+05
778	3.279707E+05
779	3.279707E+05
780	3.279151E+05
781	3.279151E+05
782	3.279151E+05
783	3.279151E+05
784	3.279151E+05
785	3.279151E+05
786	3.279151E+05
787	3.279151E+05
788	3.279151E+05
789	3.279151E+05
790	3.279151E+05
791	3.279151E+05
792	3.275969E+05
793	3.275969E+05
794	3.275969E+05
795	3.275969E+05
796	3.275969E+05
797	3.275969E+05
798	3.275969E+05
799	3.275787E+05
800	3.270914E+05
801	3.270914E+05
802	3.270914E+05
803	3.270914E+05
804	3.270914E+05
805	3.270914E+05
806	3.269501E+05
807	3.269501E+05
808	3.269501E+05
809	3.269501E+05
810	3.269501E+05
811	3.269501E+05
812	3.268440E+05
813	3.268440E+05
814	3.268131E+05
815	3.268131E+05
816	3.268131E+05
817	3.268131E+05
818	3.266488E+05
819	3.266488E+05
820	3.266488E+05
821	3.266488E+05
822	3.266488E+05
823	3.266488E+05
824	3.266488E+05
825	3.266488E+05
826	3.266488E+05
827	3.266488E+05
828	3.266488E+05
829	3.266488E+05
830	3.266488E+05
831	3.266488E+05
832	3.266488E+05
833	3.266488E+05
834	3.266488E+05
835	3.266488E+05
836	3.266488E+05
837	3.266488E+05
