0	1.388620E+07
1	1.085619E+07
2	7.177090E+06
3	4.210207E+06
4	2.348225E+06
5	1.236031E+06
6	7.056239E+05
7	4.409713E+05
8	3.156279E+05
9	2.408793E+05
10	1.994771E+05
11	1.778001E+05
12	1.630552E+05
13	1.505759E+05
14	1.410780E+05
15	1.365618E+05
16	1.326965E+05
17	1.288336E+05
18	1.261000E+05
19	1.237960E+05
20	1.201387E+05
21	1.185026E+05
22	1.165880E+05
23	1.148748E+05
24	1.139836E+05
25	1.123145E+05
26	1.118028E+05
27	1.102984E+05
28	1.080065E+05
29	1.072006E+05
30	1.060257E+05
31	1.046185E+05
32	1.037630E+05
33	1.029619E+05
34	1.012114E+05
35	1.001433E+05
36	9.850647E+04
37	9.777038E+04
38	9.713936E+04
39	9.700887E+04
40	9.640746E+04
41	9.583441E+04
42	9.559355E+04
43	9.498211E+04
44	9.461250E+04
45	9.436499E+04
46	9.382167E+04
47	9.338839E+04
48	9.256287E+04
49	9.216479E+04
50	9.216479E+04
51	9.175813E+04
52	9.140653E+04
53	9.117705E+04
54	9.113846E+04
55	9.109896E+04
56	9.066483E+04
57	9.006296E+04
58	8.953643E+04
59	8.932467E+04
60	8.900509E+04
61	8.856381E+04
62	8.837295E+04
63	8.773215E+04
64	8.771943E+04
65	8.739567E+04
66	8.715871E+04
67	8.711814E+04
68	8.688768E+04
69	8.652313E+04
70	8.630481E+04
71	8.617730E+04
72	8.586605E+04
73	8.535652E+04
74	8.535652E+04
75	8.516122E+04
76	8.473474E+04
77	8.451032E+04
78	8.411447E+04
79	8.395471E+04
80	8.394471E+04
81	8.367873E+04
82	8.367873E+04
83	8.354963E+04
84	8.327533E+04
85	8.315786E+04
86	8.304388E+04
87	8.295791E+04
88	8.284884E+04
89	8.271076E+04
90	8.250184E+04
91	8.181431E+04
92	8.174099E+04
93	8.155966E+04
94	8.154604E+04
95	8.154604E+04
96	8.148240E+04
97	8.132536E+04
98	8.131941E+04
99	8.124527E+04
100	8.121503E+04
101	8.074263E+04
102	8.064989E+04
103	8.050646E+04
104	8.032745E+04
105	8.032745E+04
106	8.032745E+04
107	8.026611E+04
108	8.018433E+04
109	8.008516E+04
110	7.991544E+04
111	7.974361E+04
112	7.974361E+04
113	7.956120E+04
114	7.956120E+04
115	7.948457E+04
116	7.925535E+04
117	7.899218E+04
118	7.899218E+04
119	7.899218E+04
120	7.893857E+04
121	7.882778E+04
122	7.882778E+04
123	7.864224E+04
124	7.831507E+04
125	7.819407E+04
126	7.806152E+04
127	7.806152E+04
128	7.806152E+04
129	7.789022E+04
130	7.781365E+04
131	7.779718E+04
132	7.768453E+04
133	7.754761E+04
134	7.754761E+04
135	7.750102E+04
136	7.748178E+04
137	7.734523E+04
138	7.722458E+04
139	7.707211E+04
140	7.707211E+04
141	7.706730E+04
142	7.704897E+04
143	7.686598E+04
144	7.673687E+04
145	7.673687E+04
146	7.669079E+04
147	7.664501E+04
148	7.656215E+04
149	7.656215E+04
150	7.656215E+04
151	7.643944E+04
152	7.635199E+04
153	7.582184E+04
154	7.576924E+04
155	7.569183E+04
156	7.569183E+04
157	7.569183E+04
158	7.544444E+04
159	7.530618E+04
160	7.510718E+04
161	7.502205E+04
162	7.491252E+04
163	7.479490E+04
164	7.479490E+04
165	7.479490E+04
166	7.471686E+04
167	7.458440E+04
168	7.448119E+04
169	7.437608E+04
170	7.437608E+04
171	7.437290E+04
172	7.421395E+04
173	7.415047E+04
174	7.415047E+04
175	7.415047E+04
176	7.400923E+04
177	7.391376E+04
178	7.375928E+04
179	7.369440E+04
180	7.369440E+04
181	7.366165E+04
182	7.363384E+04
183	7.343113E+04
184	7.331603E+04
185	7.315748E+04
186	7.315748E+04
187	7.315748E+04
188	7.291797E+04
189	7.291797E+04
190	7.291797E+04
191	7.291797E+04
192	7.254522E+04
193	7.254522E+04
194	7.249625E+04
195	7.238554E+04
196	7.238554E+04
197	7.233312E+04
198	7.233312E+04
199	7.233312E+04
200	7.233312E+04
201	7.230059E+04
202	7.230059E+04
203	7.230059E+04
204	7.222911E+04
205	7.222911E+04
206	7.221145E+04
207	7.197347E+04
208	7.197347E+04
209	7.197347E+04
210	7.161406E+04
211	7.113460E+04
212	7.106161E+04
213	7.092387E+04
214	7.080378E+04
215	7.066078E+04
216	7.057504E+04
217	7.051501E+04
218	7.051501E+04
219	7.051501E+04
220	7.041360E+04
221	7.041360E+04
222	7.023887E+04
223	7.023887E+04
224	6.998717E+04
225	6.984834E+04
226	6.982898E+04
227	6.982898E+04
228	6.982898E+04
229	6.962597E+04
230	6.957873E+04
231	6.957873E+04
232	6.950944E+04
233	6.950944E+04
234	6.942216E+04
235	6.937354E+04
236	6.937354E+04
237	6.937351E+04
238	6.937351E+04
239	6.937351E+04
240	6.937351E+04
241	6.929930E+04
242	6.929930E+04
243	6.929930E+04
244	6.923040E+04
245	6.917225E+04
246	6.911689E+04
247	6.911689E+04
248	6.898457E+04
249	6.898457E+04
250	6.898457E+04
251	6.898457E+04
252	6.893403E+04
253	6.893403E+04
254	6.893403E+04
255	6.890129E+04
256	6.890129E+04
257	6.881105E+04
258	6.881105E+04
259	6.881105E+04
260	6.841191E+04
261	6.826112E+04
262	6.820282E+04
263	6.820282E+04
264	6.818319E+04
265	6.818319E+04
266	6.818319E+04
267	6.818319E+04
268	6.816153E+04
269	6.816153E+04
270	6.807604E+04
271	6.807604E+04
272	6.777497E+04
273	6.777497E+04
274	6.777497E+04
275	6.777497E+04
276	6.777497E+04
277	6.769037E+04
278	6.769037E+04
279	6.769037E+04
280	6.757923E+04
281	6.757923E+04
282	6.751016E+04
283	6.743116E+04
284	6.735854E+04
285	6.735854E+04
286	6.735854E+04
287	6.735854E+04
288	6.735854E+04
289	6.735854E+04
290	6.735854E+04
291	6.732948E+04
292	6.732948E+04
293	6.732948E+04
294	6.732948E+04
295	6.732948E+04
296	6.707604E+04
297	6.707604E+04
298	6.692461E+04
299	6.690615E+04
300	6.690615E+04
301	6.689154E+04
302	6.685299E+04
303	6.677235E+04
304	6.661831E+04
305	6.661831E+04
306	6.658198E+04
307	6.640322E+04
308	6.640322E+04
309	6.640322E+04
310	6.640322E+04
311	6.630822E+04
312	6.625388E+04
313	6.625388E+04
314	6.625388E+04
315	6.623318E+04
316	6.621360E+04
317	6.621360E+04
318	6.612411E+04
319	6.612411E+04
320	6.612411E+04
321	6.612411E+04
322	6.612411E+04
323	6.612411E+04
324	6.612411E+04
325	6.612142E+04
326	6.607834E+04
327	6.607834E+04
328	6.607834E+04
329	6.596137E+04
330	6.570862E+04
331	6.570862E+04
332	6.570862E+04
333	6.570219E+04
334	6.570219E+04
335	6.570219E+04
336	6.564416E+04
337	6.562214E+04
338	6.562214E+04
339	6.562214E+04
340	6.562214E+04
341	6.562214E+04
342	6.546856E+04
343	6.546856E+04
344	6.515751E+04
345	6.504403E+04
346	6.504403E+04
347	6.504403E+04
348	6.504403E+04
349	6.504403E+04
350	6.504403E+04
351	6.504403E+04
352	6.504403E+04
353	6.504403E+04
354	6.504403E+04
355	6.504403E+04
356	6.504403E+04
357	6.504403E+04
358	6.492884E+04
359	6.490603E+04
360	6.490603E+04
361	6.490603E+04
362	6.490603E+04
363	6.482716E+04
364	6.477709E+04
365	6.475338E+04
366	6.467056E+04
367	6.467056E+04
368	6.467056E+04
369	6.467056E+04
370	6.454105E+04
371	6.448082E+04
372	6.448082E+04
373	6.448082E+04
374	6.448082E+04
375	6.448082E+04
376	6.448082E+04
377	6.448082E+04
378	6.448082E+04
379	6.441644E+04
380	6.432752E+04
381	6.404195E+04
382	6.403507E+04
383	6.403507E+04
384	6.403507E+04
385	6.403507E+04
386	6.397387E+04
387	6.397387E+04
388	6.394602E+04
389	6.371119E+04
390	6.371119E+04
391	6.371119E+04
392	6.371119E+04
393	6.371119E+04
394	6.370806E+04
395	6.370806E+04
396	6.370806E+04
397	6.370806E+04
398	6.370806E+04
399	6.370806E+04
400	6.358321E+04
401	6.358321E+04
402	6.358321E+04
403	6.337556E+04
404	6.337556E+04
405	6.337556E+04
406	6.326618E+04
407	6.326618E+04
408	6.324100E+04
409	6.321768E+04
410	6.321768E+04
411	6.317847E+04
412	6.317847E+04
413	6.317847E+04
414	6.305554E+04
415	6.305554E+04
416	6.302349E+04
417	6.294615E+04
418	6.294615E+04
419	6.294615E+04
420	6.294615E+04
421	6.294305E+04
422	6.294305E+04
423	6.282790E+04
424	6.282790E+04
425	6.282790E+04
426	6.282790E+04
427	6.282790E+04
428	6.282790E+04
429	6.282312E+04
430	6.275237E+04
431	6.275237E+04
432	6.275237E+04
433	6.262696E+04
434	6.262696E+04
435	6.262696E+04
436	6.262696E+04
437	6.262696E+04
438	6.261013E+04
439	6.261013E+04
440	6.251225E+04
441	6.251225E+04
442	6.251225E+04
443	6.251225E+04
444	6.251225E+04
445	6.251225E+04
446	6.247937E+04
447	6.247937E+04
448	6.247937E+04
449	6.247937E+04
450	6.247937E+04
451	6.247937E+04
452	6.247937E+04
453	6.247937E+04
454	6.247937E+04
455	6.247937E+04
456	6.247937E+04
457	6.247774E+04
458	6.244375E+04
459	6.234004E+04
460	6.234004E+04
461	6.209344E+04
462	6.209344E+04
463	6.209344E+04
464	6.209344E+04
465	6.209344E+04
466	6.208554E+04
467	6.208554E+04
468	6.208554E+04
469	6.208554E+04
470	6.208554E+04
471	6.208554E+04
472	6.208554E+04
473	6.208554E+04
474	6.208554E+04
475	6.208554E+04
476	6.208554E+04
477	6.208554E+04
478	6.208554E+04
479	6.208554E+04
480	6.208554E+04
481	6.208554E+04
482	6.208554E+04
483	6.208554E+04
484	6.205639E+04
485	6.205639E+04
486	6.205639E+04
487	6.205639E+04
488	6.205639E+04
489	6.205639E+04
490	6.200335E+04
491	6.200335E+04
492	6.200127E+04
493	6.199819E+04
494	6.199819E+04
495	6.199819E+04
496	6.199819E+04
497	6.199819E+04
498	6.199819E+04
499	6.199819E+04
500	6.199819E+04
501	6.194383E+04
502	6.194383E+04
503	6.194383E+04
504	6.194383E+04
505	6.194383E+04
506	6.194383E+04
507	6.194383E+04
508	6.194383E+04
509	6.178258E+04
510	6.178258E+04
511	6.178258E+04
512	6.178258E+04
513	6.178258E+04
514	6.170685E+04
515	6.170685E+04
516	6.155044E+04
517	6.155044E+04
518	6.151466E+04
519	6.151466E+04
520	6.151466E+04
521	6.151466E+04
522	6.147575E+04
523	6.147575E+04
524	6.147575E+04
525	6.147575E+04
526	6.147575E+04
527	6.147575E+04
528	6.147575E+04
529	6.147575E+04
530	6.147575E+04
531	6.147575E+04
532	6.147575E+04
533	6.144756E+04
534	6.134977E+04
535	6.134977E+04
536	6.134977E+04
537	6.134977E+04
538	6.128506E+04
539	6.128506E+04
540	6.128506E+04
541	6.128506E+04
542	6.117407E+04
543	6.117407E+04
544	6.117407E+04
545	6.117407E+04
546	6.117407E+04
547	6.117407E+04
548	6.117407E+04
549	6.117407E+04
550	6.117407E+04
551	6.117407E+04
552	6.117407E+04
553	6.115072E+04
554	6.115072E+04
555	6.115072E+04
556	6.115072E+04
557	6.115072E+04
558	6.115072E+04
559	6.115072E+04
560	6.115072E+04
561	6.103032E+04
562	6.103032E+04
563	6.103032E+04
564	6.103032E+04
565	6.103032E+04
566	6.103032E+04
567	6.103032E+04
568	6.103032E+04
569	6.103032E+04
570	6.103032E+04
571	6.103032E+04
572	6.098770E+04
573	6.098770E+04
574	6.080423E+04
575	6.080423E+04
576	6.080423E+04
577	6.080423E+04
578	6.080423E+04
579	6.080423E+04
580	6.080423E+04
581	6.075120E+04
582	6.075120E+04
583	6.075120E+04
584	6.075120E+04
585	6.073654E+04
586	6.073654E+04
587	6.073654E+04
588	6.070881E+04
589	6.059785E+04
590	6.059785E+04
591	6.059785E+04
592	6.059785E+04
593	6.053623E+04
594	6.039834E+04
595	6.034603E+04
596	6.033499E+04
597	6.025022E+04
598	6.025022E+04
599	6.025022E+04
600	6.025022E+04
601	6.012314E+04
602	6.012314E+04
603	6.012314E+04
604	6.012314E+04
605	6.012314E+04
606	6.012314E+04
607	6.004927E+04
608	6.004927E+04
609	6.004927E+04
610	6.004927E+04
611	6.004927E+04
612	6.004927E+04
613	6.004927E+04
614	6.004927E+04
615	6.004927E+04
616	5.977252E+04
617	5.977252E+04
618	5.966488E+04
619	5.966488E+04
620	5.966488E+04
621	5.958384E+04
622	5.958384E+04
623	5.958384E+04
624	5.958384E+04
625	5.958384E+04
626	5.958384E+04
627	5.956846E+04
628	5.956846E+04
629	5.951877E+04
630	5.951877E+04
631	5.951877E+04
632	5.951877E+04
633	5.951877E+04
634	5.951877E+04
635	5.951877E+04
636	5.950243E+04
637	5.950243E+04
638	5.950243E+04
639	5.950243E+04
640	5.950243E+04
641	5.950243E+04
642	5.945155E+04
643	5.945155E+04
644	5.945155E+04
645	5.945155E+04
646	5.945155E+04
647	5.945155E+04
648	5.945155E+04
649	5.944602E+04
650	5.944602E+04
651	5.944602E+04
652	5.944602E+04
653	5.944602E+04
654	5.944602E+04
655	5.944602E+04
656	5.940535E+04
657	5.940535E+04
658	5.940535E+04
659	5.939071E+04
660	5.939071E+04
661	5.939071E+04
662	5.939071E+04
663	5.939071E+04
664	5.939071E+04
665	5.925372E+04
666	5.925372E+04
667	5.925372E+04
668	5.925372E+04
669	5.925372E+04
670	5.921226E+04
671	5.921226E+04
672	5.921226E+04
673	5.913115E+04
674	5.913115E+04
675	5.913115E+04
676	5.913115E+04
677	5.913115E+04
678	5.913115E+04
679	5.913115E+04
680	5.913115E+04
681	5.913115E+04
682	5.913115E+04
683	5.910221E+04
684	5.910221E+04
685	5.910221E+04
686	5.910221E+04
687	5.910221E+04
688	5.910221E+04
689	5.910221E+04
690	5.910221E+04
691	5.910221E+04
692	5.910221E+04
693	5.910221E+04
694	5.910221E+04
695	5.910221E+04
696	5.899110E+04
697	5.899110E+04
698	5.899110E+04
699	5.893102E+04
700	5.893102E+04
701	5.893102E+04
702	5.893102E+04
703	5.893102E+04
704	5.893102E+04
705	5.893102E+04
706	5.893102E+04
707	5.893102E+04
708	5.892034E+04
709	5.892034E+04
710	5.892034E+04
711	5.892034E+04
712	5.892034E+04
713	5.892034E+04
714	5.892034E+04
715	5.892034E+04
716	5.889616E+04
717	5.889616E+04
718	5.889616E+04
719	5.889616E+04
720	5.889616E+04
721	5.889616E+04
722	5.889616E+04
723	5.889616E+04
724	5.889616E+04
725	5.889616E+04
726	5.888066E+04
727	5.888066E+04
728	5.885703E+04
729	5.885703E+04
730	5.877581E+04
731	5.877581E+04
732	5.877581E+04
733	5.877581E+04
734	5.877581E+04
735	5.877581E+04
736	5.877581E+04
737	5.877581E+04
738	5.877581E+04
739	5.877581E+04
740	5.875631E+04
741	5.875631E+04
742	5.873956E+04
743	5.873956E+04
744	5.873956E+04
745	5.873956E+04
746	5.873956E+04
747	5.871294E+04
748	5.871294E+04
749	5.871294E+04
750	5.871294E+04
751	5.871294E+04
752	5.871294E+04
753	5.871294E+04
754	5.871294E+04
755	5.871294E+04
756	5.871294E+04
757	5.864036E+04
758	5.859494E+04
759	5.859494E+04
760	5.859494E+04
761	5.859494E+04
762	5.859494E+04
763	5.859494E+04
764	5.859494E+04
765	5.852464E+04
766	5.852464E+04
767	5.852464E+04
768	5.852464E+04
769	5.852464E+04
770	5.852464E+04
771	5.852464E+04
772	5.852464E+04
773	5.842817E+04
774	5.842817E+04
775	5.842817E+04
776	5.842817E+04
777	5.842247E+04
778	5.842247E+04
779	5.842247E+04
780	5.842247E+04
781	5.842247E+04
782	5.842247E+04
783	5.842247E+04
784	5.842247E+04
785	5.842247E+04
786	5.842247E+04
787	5.842247E+04
788	5.842247E+04
789	5.842247E+04
790	5.842247E+04
791	5.842247E+04
792	5.842247E+04
793	5.842247E+04
794	5.842247E+04
795	5.842247E+04
796	5.842247E+04
