0	9.584178E+02
1	2.495701E+02
2	1.117027E+02
3	4.156409E+01
4	2.321038E+01
5	1.565170E+01
6	9.608573E+00
7	6.345198E+00
8	3.997577E+00
9	3.373649E+00
10	2.491309E+00
11	1.957922E+00
12	1.696733E+00
13	1.394382E+00
14	1.350021E+00
15	1.089059E+00
16	9.820484E-01
17	8.433526E-01
18	7.787285E-01
19	6.919973E-01
20	6.616125E-01
21	6.100646E-01
22	5.972754E-01
23	5.410357E-01
24	4.701757E-01
25	4.351855E-01
26	4.139085E-01
27	3.952706E-01
28	3.795326E-01
29	3.232363E-01
30	2.992673E-01
31	2.761673E-01
32	2.748671E-01
33	2.418953E-01
34	2.237347E-01
35	2.233660E-01
36	2.076479E-01
37	1.986285E-01
38	1.952557E-01
39	1.912083E-01
40	1.872052E-01
41	1.855247E-01
42	1.799956E-01
43	1.758662E-01
44	1.625805E-01
45	1.625805E-01
46	1.593531E-01
47	1.552384E-01
48	1.520854E-01
49	1.471025E-01
50	1.443854E-01
51	1.416499E-01
52	1.412111E-01
53	1.367518E-01
54	1.349542E-01
55	1.319660E-01
56	1.274392E-01
57	1.255160E-01
58	1.212960E-01
59	1.136017E-01
60	1.120930E-01
61	1.120930E-01
62	1.065420E-01
63	1.020249E-01
64	1.015420E-01
65	1.008176E-01
66	9.788656E-02
67	9.766634E-02
68	9.531990E-02
69	9.475281E-02
70	9.355167E-02
71	9.045018E-02
72	8.907966E-02
73	8.489328E-02
74	8.304305E-02
75	8.057150E-02
76	7.894803E-02
77	7.503097E-02
78	7.503097E-02
79	7.503097E-02
80	7.503097E-02
81	7.503097E-02
82	7.503097E-02
83	7.269530E-02
84	7.261785E-02
85	7.029847E-02
86	6.862647E-02
87	6.848915E-02
88	6.848915E-02
89	6.771625E-02
90	6.754363E-02
91	6.654430E-02
92	6.654430E-02
93	6.654430E-02
94	6.593158E-02
95	6.533708E-02
96	6.448484E-02
97	6.448484E-02
98	6.448484E-02
99	6.448484E-02
100	6.185617E-02
101	5.967863E-02
102	5.852879E-02
103	5.785097E-02
104	5.738362E-02
105	5.728070E-02
106	5.728070E-02
107	5.702325E-02
108	5.702325E-02
109	5.702325E-02
110	5.659026E-02
111	5.648755E-02
112	5.648755E-02
113	5.648755E-02
114	5.216899E-02
115	5.144562E-02
116	5.121755E-02
117	5.002001E-02
118	4.930533E-02
119	4.841781E-02
120	4.841781E-02
121	4.834759E-02
122	4.834759E-02
123	4.834759E-02
124	4.798155E-02
125	4.798155E-02
126	4.798155E-02
127	4.798155E-02
128	4.798155E-02
129	4.789588E-02
130	4.753047E-02
131	4.753047E-02
132	4.753047E-02
133	4.723035E-02
134	4.723035E-02
135	4.662240E-02
136	4.662240E-02
137	4.662240E-02
138	4.626401E-02
139	4.626401E-02
140	4.578773E-02
141	4.578773E-02
142	4.538910E-02
143	4.538910E-02
144	4.538910E-02
145	4.506807E-02
146	4.489938E-02
147	4.489938E-02
148	4.479168E-02
149	4.479168E-02
150	4.438871E-02
151	4.416178E-02
152	4.416178E-02
153	4.416178E-02
154	4.416178E-02
155	4.416178E-02
156	4.355070E-02
157	4.355070E-02
158	4.355070E-02
159	4.346150E-02
160	4.253342E-02
161	4.253342E-02
162	4.216190E-02
163	4.120712E-02
164	4.120712E-02
165	4.120712E-02
166	4.120712E-02
167	4.011770E-02
168	4.011770E-02
169	3.897213E-02
170	3.886222E-02
171	3.853418E-02
172	3.815354E-02
173	3.815354E-02
174	3.714556E-02
175	3.714556E-02
176	3.663836E-02
177	3.663836E-02
178	3.649700E-02
179	3.649700E-02
180	3.643697E-02
181	3.508950E-02
182	3.508950E-02
183	3.508950E-02
184	3.447586E-02
185	3.447586E-02
186	3.447586E-02
187	3.447586E-02
188	3.447586E-02
189	3.447586E-02
190	3.447586E-02
191	3.380118E-02
192	3.380118E-02
193	3.299971E-02
194	3.232158E-02
195	3.232158E-02
196	3.232158E-02
197	3.232158E-02
198	3.232158E-02
199	3.169294E-02
200	3.131850E-02
201	3.131850E-02
202	2.999985E-02
203	2.999985E-02
204	2.999985E-02
205	2.999985E-02
206	2.999985E-02
207	2.999985E-02
208	2.960098E-02
209	2.925407E-02
210	2.925407E-02
211	2.925407E-02
212	2.925407E-02
213	2.925407E-02
214	2.915398E-02
215	2.899154E-02
216	2.841184E-02
217	2.841184E-02
218	2.796010E-02
219	2.774782E-02
220	2.774782E-02
221	2.774782E-02
222	2.750928E-02
223	2.750928E-02
224	2.750928E-02
225	2.740542E-02
226	2.740542E-02
227	2.740542E-02
228	2.740542E-02
229	2.740542E-02
230	2.724696E-02
231	2.720908E-02
232	2.720908E-02
233	2.720908E-02
234	2.685724E-02
235	2.670667E-02
236	2.670667E-02
237	2.602114E-02
238	2.581532E-02
239	2.581532E-02
240	2.578800E-02
241	2.578800E-02
242	2.578800E-02
243	2.538958E-02
244	2.538958E-02
245	2.538958E-02
246	2.533006E-02
247	2.506456E-02
248	2.506456E-02
249	2.506456E-02
250	2.506456E-02
251	2.504324E-02
252	2.504324E-02
253	2.504324E-02
254	2.504324E-02
255	2.504324E-02
256	2.504324E-02
257	2.504324E-02
258	2.504324E-02
259	2.504324E-02
260	2.504324E-02
261	2.504324E-02
262	2.504324E-02
263	2.495576E-02
264	2.495576E-02
265	2.495576E-02
266	2.487902E-02
267	2.487902E-02
268	2.460729E-02
269	2.460729E-02
270	2.460729E-02
271	2.445629E-02
272	2.436833E-02
273	2.435765E-02
274	2.426268E-02
275	2.348909E-02
276	2.307777E-02
277	2.284450E-02
278	2.284450E-02
279	2.283556E-02
280	2.283556E-02
281	2.274971E-02
282	2.274971E-02
283	2.190852E-02
284	2.190852E-02
285	2.183821E-02
286	2.183821E-02
287	2.183821E-02
288	2.183821E-02
289	2.183821E-02
290	2.183821E-02
291	2.183821E-02
292	2.163982E-02
293	2.138198E-02
294	2.138198E-02
295	2.138198E-02
296	2.138198E-02
297	2.138198E-02
298	2.058639E-02
299	2.058639E-02
300	2.057508E-02
301	2.052426E-02
302	2.052426E-02
303	2.038406E-02
304	1.997679E-02
305	1.997679E-02
306	1.985019E-02
307	1.985019E-02
308	1.985019E-02
309	1.985019E-02
310	1.977129E-02
311	1.977129E-02
312	1.977129E-02
313	1.942702E-02
314	1.941165E-02
315	1.941165E-02
316	1.941165E-02
317	1.941165E-02
318	1.928142E-02
319	1.928142E-02
320	1.928142E-02
321	1.921457E-02
322	1.906597E-02
323	1.906597E-02
324	1.906597E-02
325	1.906597E-02
326	1.906597E-02
327	1.906597E-02
328	1.906597E-02
329	1.906597E-02
330	1.906597E-02
331	1.890950E-02
332	1.888936E-02
333	1.888936E-02
334	1.888936E-02
335	1.888936E-02
336	1.888936E-02
337	1.888936E-02
338	1.888936E-02
339	1.888936E-02
340	1.882584E-02
341	1.882584E-02
342	1.882584E-02
343	1.853615E-02
344	1.853615E-02
345	1.828116E-02
346	1.792003E-02
347	1.792003E-02
348	1.792003E-02
349	1.776939E-02
350	1.776939E-02
351	1.776939E-02
352	1.774980E-02
353	1.774980E-02
354	1.774980E-02
355	1.774980E-02
356	1.774272E-02
357	1.774272E-02
358	1.774272E-02
359	1.774272E-02
360	1.774272E-02
361	1.774272E-02
362	1.725585E-02
363	1.725585E-02
364	1.725585E-02
365	1.725585E-02
366	1.723434E-02
367	1.723434E-02
368	1.723434E-02
369	1.723434E-02
370	1.723434E-02
371	1.723434E-02
372	1.723434E-02
373	1.723434E-02
374	1.723434E-02
375	1.723434E-02
376	1.723434E-02
377	1.723434E-02
378	1.723434E-02
379	1.723434E-02
380	1.723434E-02
381	1.688488E-02
382	1.688488E-02
383	1.688488E-02
384	1.673312E-02
385	1.673312E-02
386	1.673312E-02
387	1.638733E-02
388	1.638733E-02
389	1.637210E-02
390	1.637210E-02
391	1.635197E-02
392	1.608862E-02
393	1.605120E-02
394	1.594266E-02
395	1.594266E-02
396	1.594266E-02
397	1.576797E-02
398	1.576797E-02
399	1.576797E-02
400	1.576797E-02
401	1.576797E-02
402	1.573756E-02
403	1.573756E-02
404	1.516317E-02
405	1.516317E-02
406	1.516317E-02
407	1.461752E-02
408	1.376699E-02
409	1.356879E-02
410	1.356879E-02
411	1.356879E-02
412	1.356879E-02
413	1.356879E-02
414	1.356879E-02
415	1.356879E-02
416	1.356879E-02
417	1.356879E-02
418	1.356879E-02
419	1.340863E-02
420	1.340863E-02
421	1.340863E-02
422	1.340863E-02
423	1.340863E-02
424	1.340863E-02
425	1.340863E-02
426	1.340863E-02
427	1.324432E-02
428	1.324432E-02
429	1.324432E-02
430	1.324358E-02
431	1.324358E-02
432	1.324358E-02
433	1.324358E-02
434	1.324358E-02
435	1.324358E-02
436	1.324358E-02
437	1.324358E-02
438	1.324358E-02
439	1.324358E-02
440	1.324358E-02
441	1.324358E-02
442	1.324358E-02
443	1.324358E-02
444	1.324358E-02
445	1.314127E-02
446	1.314127E-02
447	1.314127E-02
448	1.314127E-02
449	1.289099E-02
450	1.289099E-02
451	1.289099E-02
452	1.289099E-02
453	1.289099E-02
454	1.289099E-02
455	1.289099E-02
456	1.289099E-02
457	1.289099E-02
458	1.289099E-02
459	1.289099E-02
460	1.289099E-02
461	1.289099E-02
462	1.289099E-02
463	1.289099E-02
464	1.289099E-02
465	1.289099E-02
466	1.289099E-02
467	1.289099E-02
468	1.289099E-02
