0	7.147420E+04
1	5.282918E+04
2	3.020874E+04
3	1.707442E+04
4	8.140080E+03
5	4.144703E+03
6	2.130317E+03
7	1.191275E+03
8	7.796313E+02
9	5.932470E+02
10	5.152519E+02
11	4.518289E+02
12	4.222848E+02
13	4.044368E+02
14	3.708948E+02
15	3.513395E+02
16	3.232750E+02
17	3.107303E+02
18	2.947696E+02
19	2.842263E+02
20	2.752170E+02
21	2.650336E+02
22	2.536056E+02
23	2.457818E+02
24	2.374970E+02
25	2.328707E+02
26	2.270333E+02
27	2.235181E+02
28	2.177744E+02
29	2.088488E+02
30	2.057691E+02
31	2.024920E+02
32	1.984035E+02
33	1.945837E+02
34	1.861057E+02
35	1.794545E+02
36	1.754594E+02
37	1.741846E+02
38	1.703349E+02
39	1.665210E+02
40	1.623793E+02
41	1.561015E+02
42	1.527225E+02
43	1.488730E+02
44	1.488479E+02
45	1.458351E+02
46	1.429666E+02
47	1.414416E+02
48	1.387556E+02
49	1.360995E+02
50	1.334489E+02
51	1.328376E+02
52	1.327224E+02
53	1.324922E+02
54	1.314901E+02
55	1.280997E+02
56	1.274345E+02
57	1.272022E+02
58	1.267147E+02
59	1.251444E+02
60	1.249541E+02
61	1.244975E+02
62	1.212113E+02
63	1.205040E+02
64	1.197044E+02
65	1.185653E+02
66	1.181773E+02
67	1.168246E+02
68	1.158584E+02
69	1.144352E+02
70	1.139324E+02
71	1.139176E+02
72	1.116943E+02
73	1.113343E+02
74	1.110911E+02
75	1.091329E+02
76	1.089167E+02
77	1.083366E+02
78	1.059604E+02
79	1.054319E+02
80	1.054042E+02
81	1.048431E+02
82	1.038574E+02
83	1.029450E+02
84	1.029341E+02
85	1.029341E+02
86	1.024304E+02
87	1.015836E+02
88	1.015836E+02
89	1.008703E+02
90	9.976792E+01
91	9.833881E+01
92	9.752970E+01
93	9.700829E+01
94	9.700829E+01
95	9.650111E+01
96	9.449456E+01
97	9.250742E+01
98	9.151932E+01
99	9.149950E+01
100	9.057934E+01
101	8.963972E+01
102	8.851100E+01
103	8.810942E+01
104	8.810942E+01
105	8.807740E+01
106	8.729037E+01
107	8.702301E+01
108	8.614855E+01
109	8.614855E+01
110	8.558436E+01
111	8.558436E+01
112	8.464741E+01
113	8.404583E+01
114	8.393603E+01
115	8.350849E+01
116	8.301590E+01
117	8.170749E+01
118	8.094865E+01
119	8.049442E+01
120	8.017162E+01
121	7.827622E+01
122	7.827622E+01
123	7.827622E+01
124	7.768026E+01
125	7.690430E+01
126	7.658003E+01
127	7.457132E+01
128	7.457132E+01
129	7.392481E+01
130	7.392481E+01
131	7.392481E+01
132	7.313181E+01
133	7.313181E+01
134	7.313181E+01
135	7.287497E+01
136	7.287497E+01
137	7.273245E+01
138	7.167408E+01
139	7.130552E+01
140	7.130552E+01
141	7.128743E+01
142	7.023847E+01
143	6.935050E+01
144	6.904939E+01
145	6.854709E+01
146	6.776862E+01
147	6.635653E+01
148	6.572406E+01
149	6.512788E+01
150	6.419127E+01
151	6.346069E+01
152	6.346069E+01
153	6.346069E+01
154	6.293752E+01
155	6.196915E+01
156	6.180425E+01
157	6.180425E+01
158	6.180425E+01
159	6.180425E+01
160	6.171150E+01
161	6.161936E+01
162	6.161936E+01
163	6.115757E+01
164	6.115757E+01
165	6.115757E+01
166	6.115757E+01
167	6.115150E+01
168	6.108331E+01
169	6.099652E+01
170	6.074183E+01
171	6.074183E+01
172	6.074183E+01
173	6.017193E+01
174	5.990443E+01
175	5.985658E+01
176	5.842911E+01
177	5.824266E+01
178	5.799148E+01
179	5.775332E+01
180	5.657609E+01
181	5.508611E+01
182	5.508611E+01
183	5.508611E+01
184	5.508611E+01
185	5.463611E+01
186	5.463611E+01
187	5.463611E+01
188	5.463611E+01
189	5.402876E+01
190	5.394574E+01
191	5.394574E+01
192	5.394574E+01
193	5.378224E+01
194	5.376263E+01
195	5.376263E+01
196	5.220445E+01
197	5.206993E+01
198	5.168967E+01
199	5.157512E+01
200	5.157512E+01
201	5.157512E+01
202	5.157512E+01
203	5.070813E+01
204	5.068826E+01
205	5.026356E+01
206	5.013054E+01
207	5.013054E+01
208	5.013054E+01
209	5.013054E+01
210	4.958971E+01
211	4.932311E+01
212	4.932311E+01
213	4.932311E+01
214	4.894430E+01
215	4.894430E+01
216	4.843721E+01
217	4.786302E+01
218	4.748835E+01
219	4.748835E+01
220	4.748835E+01
221	4.748835E+01
222	4.737372E+01
223	4.709258E+01
224	4.691774E+01
225	4.680323E+01
226	4.680323E+01
227	4.680323E+01
228	4.680323E+01
229	4.680323E+01
230	4.680323E+01
231	4.680323E+01
232	4.678726E+01
233	4.678726E+01
234	4.676352E+01
235	4.676352E+01
236	4.651127E+01
237	4.651127E+01
238	4.600581E+01
239	4.600581E+01
240	4.565130E+01
241	4.565130E+01
242	4.565130E+01
243	4.565130E+01
244	4.565130E+01
245	4.555647E+01
246	4.555647E+01
247	4.522441E+01
248	4.448649E+01
249	4.411976E+01
250	4.411976E+01
251	4.384554E+01
252	4.347521E+01
253	4.347521E+01
254	4.311754E+01
255	4.311754E+01
256	4.311754E+01
257	4.311754E+01
258	4.311754E+01
259	4.258499E+01
260	4.258499E+01
261	4.258499E+01
262	4.200957E+01
263	4.192700E+01
264	4.189523E+01
265	4.189523E+01
266	4.189523E+01
267	4.174156E+01
268	4.110134E+01
269	4.097007E+01
270	4.097007E+01
271	4.097007E+01
272	4.097007E+01
273	4.081773E+01
274	4.081773E+01
275	4.081773E+01
276	4.081773E+01
277	4.081773E+01
278	4.081773E+01
279	4.081773E+01
280	4.064338E+01
281	4.047846E+01
282	4.047846E+01
283	4.047846E+01
284	4.047846E+01
285	3.999027E+01
286	3.999027E+01
287	3.999027E+01
288	3.987553E+01
289	3.926605E+01
290	3.909777E+01
291	3.909777E+01
292	3.852543E+01
293	3.852543E+01
294	3.852543E+01
295	3.852543E+01
296	3.852543E+01
297	3.852543E+01
298	3.852543E+01
299	3.852543E+01
300	3.812998E+01
301	3.812998E+01
302	3.812998E+01
303	3.812998E+01
304	3.808180E+01
305	3.807157E+01
306	3.807157E+01
307	3.807157E+01
308	3.807157E+01
309	3.807157E+01
310	3.807157E+01
311	3.787347E+01
312	3.787347E+01
313	3.780967E+01
314	3.756789E+01
315	3.756789E+01
316	3.756789E+01
317	3.756789E+01
318	3.756789E+01
319	3.713201E+01
320	3.713201E+01
321	3.713201E+01
322	3.713201E+01
323	3.713201E+01
324	3.713201E+01
325	3.662333E+01
326	3.633707E+01
327	3.623295E+01
328	3.623295E+01
329	3.623295E+01
330	3.623295E+01
331	3.537495E+01
332	3.537495E+01
333	3.525980E+01
334	3.525980E+01
335	3.525980E+01
336	3.525980E+01
337	3.524445E+01
338	3.524445E+01
339	3.523257E+01
340	3.475681E+01
341	3.475681E+01
342	3.475681E+01
343	3.463355E+01
344	3.463355E+01
345	3.463355E+01
346	3.463355E+01
347	3.459421E+01
348	3.459421E+01
349	3.459421E+01
350	3.455044E+01
351	3.455044E+01
352	3.455044E+01
353	3.455044E+01
354	3.455044E+01
355	3.455044E+01
356	3.433465E+01
357	3.433465E+01
358	3.433465E+01
359	3.433465E+01
360	3.433465E+01
361	3.433465E+01
362	3.433465E+01
363	3.433465E+01
364	3.433465E+01
365	3.433465E+01
366	3.428032E+01
367	3.424326E+01
368	3.424326E+01
369	3.421803E+01
370	3.421803E+01
371	3.411312E+01
372	3.411312E+01
373	3.411312E+01
374	3.411312E+01
375	3.411312E+01
376	3.411312E+01
377	3.411312E+01
378	3.411312E+01
379	3.411312E+01
380	3.411312E+01
381	3.411312E+01
382	3.411312E+01
383	3.411312E+01
384	3.396619E+01
385	3.395701E+01
386	3.387472E+01
387	3.387472E+01
388	3.387472E+01
389	3.387472E+01
390	3.387472E+01
391	3.387472E+01
392	3.387472E+01
393	3.387472E+01
394	3.347034E+01
395	3.347034E+01
396	3.346342E+01
397	3.346342E+01
398	3.346342E+01
399	3.346342E+01
400	3.346342E+01
401	3.346342E+01
402	3.346342E+01
403	3.346342E+01
404	3.322784E+01
405	3.314799E+01
406	3.275440E+01
407	3.275440E+01
408	3.221665E+01
409	3.221665E+01
410	3.192712E+01
411	3.192712E+01
412	3.192712E+01
413	3.173161E+01
414	3.173161E+01
415	3.173161E+01
416	3.173161E+01
417	3.164554E+01
418	3.164554E+01
419	3.164554E+01
420	3.164554E+01
421	3.164554E+01
422	3.164554E+01
423	3.162948E+01
424	3.150592E+01
425	3.121385E+01
426	3.121385E+01
427	3.116328E+01
428	3.116328E+01
429	3.116328E+01
430	3.116328E+01
431	3.116328E+01
432	3.116328E+01
433	3.116328E+01
434	3.084597E+01
435	3.080972E+01
436	3.080972E+01
437	3.056490E+01
438	3.056490E+01
439	3.056490E+01
440	3.056490E+01
441	3.054498E+01
442	3.051658E+01
443	3.051658E+01
444	3.051658E+01
445	3.047853E+01
446	3.047853E+01
447	3.047853E+01
448	2.977967E+01
449	2.971623E+01
450	2.971623E+01
451	2.953486E+01
452	2.953486E+01
453	2.931563E+01
454	2.918477E+01
455	2.918477E+01
456	2.918477E+01
457	2.918477E+01
458	2.918477E+01
459	2.918477E+01
460	2.918477E+01
461	2.918477E+01
462	2.918477E+01
463	2.918477E+01
464	2.918477E+01
465	2.918477E+01
466	2.899645E+01
467	2.899645E+01
468	2.899645E+01
469	2.893700E+01
470	2.873183E+01
471	2.873183E+01
472	2.873183E+01
473	2.873183E+01
474	2.873183E+01
475	2.868850E+01
476	2.868850E+01
477	2.841968E+01
478	2.828833E+01
479	2.828833E+01
480	2.828833E+01
481	2.828833E+01
482	2.828833E+01
483	2.828833E+01
484	2.809229E+01
485	2.809229E+01
486	2.809229E+01
487	2.809229E+01
488	2.809229E+01
489	2.809229E+01
490	2.809229E+01
491	2.809229E+01
492	2.809229E+01
493	2.809229E+01
494	2.809229E+01
495	2.809229E+01
496	2.809229E+01
497	2.809229E+01
498	2.792469E+01
499	2.792469E+01
500	2.792469E+01
501	2.792469E+01
502	2.792469E+01
503	2.792469E+01
504	2.792469E+01
505	2.791965E+01
506	2.787660E+01
507	2.781622E+01
508	2.781622E+01
509	2.781622E+01
510	2.781622E+01
511	2.781622E+01
512	2.781622E+01
513	2.745256E+01
514	2.745256E+01
515	2.745256E+01
516	2.745256E+01
517	2.745256E+01
518	2.745256E+01
519	2.739638E+01
520	2.739638E+01
521	2.732822E+01
522	2.715656E+01
523	2.709861E+01
524	2.709861E+01
525	2.706819E+01
526	2.706819E+01
527	2.689795E+01
528	2.689795E+01
529	2.687310E+01
530	2.687310E+01
531	2.687310E+01
532	2.687310E+01
533	2.687310E+01
534	2.687310E+01
535	2.687310E+01
536	2.687310E+01
537	2.687310E+01
538	2.687310E+01
539	2.687310E+01
540	2.666713E+01
541	2.666713E+01
542	2.666713E+01
543	2.657916E+01
544	2.647703E+01
545	2.647703E+01
546	2.647703E+01
547	2.647703E+01
548	2.647703E+01
549	2.647703E+01
550	2.637564E+01
551	2.637564E+01
552	2.636036E+01
553	2.636036E+01
554	2.635382E+01
555	2.635382E+01
556	2.635382E+01
557	2.627677E+01
558	2.627677E+01
559	2.627677E+01
560	2.627677E+01
561	2.627677E+01
562	2.627677E+01
563	2.627677E+01
564	2.627677E+01
565	2.627677E+01
566	2.627677E+01
567	2.627677E+01
568	2.627677E+01
569	2.627677E+01
570	2.627677E+01
571	2.627677E+01
572	2.627677E+01
573	2.627677E+01
574	2.627677E+01
575	2.627677E+01
576	2.627677E+01
