0	8.728904E+05
1	6.043387E+05
2	3.697909E+05
3	2.154215E+05
4	1.153389E+05
5	5.664110E+04
6	2.876338E+04
7	1.621236E+04
8	1.054464E+04
9	7.031349E+03
10	5.460531E+03
11	4.496216E+03
12	3.767920E+03
13	3.232075E+03
14	2.950177E+03
15	2.734305E+03
16	2.470711E+03
17	2.295728E+03
18	2.225729E+03
19	2.159749E+03
20	2.104983E+03
21	2.066014E+03
22	2.025768E+03
23	1.977981E+03
24	1.899248E+03
25	1.869736E+03
26	1.839973E+03
27	1.815705E+03
28	1.803776E+03
29	1.796245E+03
30	1.764947E+03
31	1.741575E+03
32	1.723451E+03
33	1.714638E+03
34	1.686267E+03
35	1.657436E+03
36	1.631342E+03
37	1.628347E+03
38	1.627020E+03
39	1.610952E+03
40	1.603381E+03
41	1.600580E+03
42	1.599167E+03
43	1.554507E+03
44	1.539805E+03
45	1.531524E+03
46	1.517848E+03
47	1.499382E+03
48	1.492549E+03
49	1.485291E+03
50	1.473660E+03
51	1.460284E+03
52	1.450783E+03
53	1.436293E+03
54	1.424598E+03
55	1.423011E+03
56	1.423011E+03
57	1.410803E+03
58	1.399105E+03
59	1.390810E+03
60	1.387846E+03
61	1.387846E+03
62	1.386234E+03
63	1.382249E+03
64	1.376120E+03
65	1.367078E+03
66	1.367078E+03
67	1.366878E+03
68	1.363544E+03
69	1.350205E+03
70	1.350205E+03
71	1.345383E+03
72	1.344121E+03
73	1.343963E+03
74	1.332902E+03
75	1.326910E+03
76	1.320817E+03
77	1.316564E+03
78	1.302227E+03
79	1.299684E+03
80	1.297314E+03
81	1.295364E+03
82	1.290108E+03
83	1.287657E+03
84	1.287657E+03
85	1.280008E+03
86	1.273520E+03
87	1.273336E+03
88	1.264943E+03
89	1.264943E+03
90	1.258661E+03
91	1.254885E+03
92	1.253009E+03
93	1.249922E+03
94	1.242965E+03
95	1.242769E+03
96	1.242428E+03
97	1.242428E+03
98	1.238251E+03
99	1.238251E+03
100	1.230473E+03
101	1.230473E+03
102	1.228846E+03
103	1.217036E+03
104	1.210424E+03
105	1.207161E+03
106	1.201504E+03
107	1.195449E+03
108	1.195449E+03
109	1.194446E+03
110	1.194328E+03
111	1.191317E+03
112	1.191317E+03
113	1.191024E+03
114	1.191024E+03
115	1.189691E+03
116	1.189399E+03
117	1.189103E+03
118	1.188574E+03
119	1.186274E+03
120	1.185258E+03
121	1.183571E+03
122	1.176986E+03
123	1.174054E+03
124	1.173703E+03
125	1.173703E+03
126	1.173703E+03
127	1.173703E+03
128	1.173703E+03
129	1.173703E+03
130	1.173703E+03
131	1.173703E+03
132	1.172718E+03
133	1.170735E+03
134	1.169143E+03
135	1.164988E+03
136	1.163532E+03
137	1.160698E+03
138	1.160698E+03
139	1.160698E+03
140	1.159585E+03
141	1.151296E+03
142	1.149591E+03
143	1.148453E+03
144	1.144406E+03
145	1.144406E+03
146	1.138907E+03
147	1.131652E+03
148	1.129442E+03
149	1.115811E+03
150	1.113174E+03
151	1.112760E+03
152	1.110807E+03
153	1.110807E+03
154	1.110807E+03
155	1.108597E+03
156	1.106713E+03
157	1.102761E+03
158	1.102054E+03
159	1.096000E+03
160	1.094160E+03
161	1.094160E+03
162	1.093928E+03
163	1.090794E+03
164	1.089887E+03
165	1.088955E+03
166	1.088955E+03
167	1.088955E+03
168	1.088283E+03
169	1.088283E+03
170	1.085523E+03
171	1.080027E+03
172	1.080027E+03
173	1.077001E+03
174	1.076921E+03
175	1.076043E+03
176	1.073400E+03
177	1.066916E+03
178	1.066916E+03
179	1.066203E+03
180	1.064267E+03
181	1.064267E+03
182	1.062272E+03
183	1.061805E+03
184	1.061805E+03
185	1.061805E+03
186	1.061805E+03
187	1.061175E+03
188	1.061175E+03
189	1.060393E+03
190	1.059503E+03
191	1.057154E+03
192	1.057154E+03
193	1.057154E+03
194	1.055830E+03
195	1.055830E+03
196	1.054887E+03
197	1.054202E+03
198	1.052477E+03
199	1.052477E+03
200	1.052477E+03
201	1.050065E+03
202	1.045386E+03
203	1.042709E+03
204	1.042600E+03
205	1.042600E+03
206	1.042600E+03
207	1.039771E+03
208	1.034670E+03
209	1.034670E+03
210	1.034670E+03
211	1.033748E+03
212	1.033748E+03
213	1.027675E+03
214	1.026802E+03
215	1.025505E+03
216	1.025505E+03
217	1.020421E+03
218	1.020421E+03
219	1.020421E+03
220	1.016661E+03
221	1.016205E+03
222	1.016205E+03
223	1.015161E+03
224	1.015161E+03
225	1.014639E+03
226	1.014438E+03
227	1.014438E+03
228	1.008300E+03
229	1.005242E+03
230	1.005242E+03
231	1.005242E+03
232	1.002780E+03
233	1.002780E+03
234	1.001417E+03
235	9.978232E+02
236	9.962811E+02
237	9.962811E+02
238	9.927267E+02
239	9.927267E+02
240	9.919796E+02
241	9.911679E+02
242	9.866832E+02
243	9.833802E+02
244	9.833802E+02
245	9.800735E+02
246	9.800735E+02
247	9.776351E+02
248	9.776351E+02
249	9.776351E+02
250	9.776351E+02
251	9.725727E+02
252	9.686549E+02
253	9.664700E+02
254	9.664700E+02
255	9.642785E+02
256	9.642785E+02
257	9.642785E+02
258	9.596751E+02
259	9.596165E+02
260	9.596165E+02
261	9.574682E+02
262	9.565717E+02
263	9.534340E+02
264	9.520733E+02
265	9.520733E+02
266	9.520733E+02
267	9.475931E+02
268	9.475549E+02
269	9.463378E+02
270	9.452931E+02
271	9.417366E+02
272	9.417366E+02
273	9.417366E+02
274	9.411175E+02
275	9.366176E+02
276	9.343833E+02
277	9.336791E+02
278	9.336791E+02
279	9.336791E+02
280	9.335296E+02
281	9.331377E+02
282	9.331377E+02
283	9.299180E+02
284	9.270261E+02
285	9.241891E+02
286	9.241891E+02
287	9.209589E+02
288	9.149976E+02
289	9.149976E+02
290	9.137387E+02
291	9.134994E+02
292	9.134015E+02
293	9.122458E+02
294	9.087430E+02
295	9.072541E+02
296	9.072541E+02
297	9.072541E+02
298	9.066414E+02
299	9.056740E+02
300	9.056740E+02
301	9.056740E+02
302	9.052994E+02
303	9.034490E+02
304	9.034490E+02
305	9.034490E+02
306	9.026641E+02
307	9.026641E+02
308	8.956391E+02
309	8.941583E+02
310	8.941583E+02
311	8.925744E+02
312	8.887823E+02
313	8.855196E+02
314	8.839906E+02
315	8.839906E+02
316	8.839906E+02
317	8.839906E+02
318	8.817086E+02
319	8.783897E+02
320	8.783897E+02
321	8.783897E+02
322	8.783337E+02
323	8.783337E+02
324	8.782168E+02
325	8.774551E+02
326	8.740982E+02
327	8.713532E+02
328	8.713532E+02
329	8.708867E+02
330	8.708867E+02
331	8.681978E+02
332	8.644917E+02
333	8.600617E+02
334	8.599003E+02
335	8.598933E+02
336	8.569501E+02
337	8.569501E+02
338	8.402287E+02
339	8.386585E+02
340	8.381665E+02
341	8.378155E+02
342	8.373233E+02
343	8.354278E+02
344	8.353492E+02
345	8.351488E+02
346	8.350901E+02
347	8.350901E+02
348	8.350901E+02
349	8.336235E+02
350	8.293777E+02
351	8.291540E+02
352	8.285386E+02
353	8.276589E+02
354	8.276589E+02
355	8.276589E+02
356	8.256566E+02
357	8.252048E+02
358	8.252048E+02
359	8.245117E+02
360	8.245117E+02
361	8.229775E+02
362	8.196824E+02
363	8.195622E+02
364	8.175290E+02
365	8.175290E+02
366	8.175290E+02
367	8.160191E+02
368	8.160191E+02
369	8.130974E+02
370	8.126307E+02
371	8.126307E+02
372	8.119945E+02
373	8.081883E+02
374	8.081883E+02
375	8.061503E+02
376	8.061503E+02
377	8.052249E+02
378	8.052249E+02
379	8.052249E+02
380	8.035411E+02
381	8.002429E+02
382	8.002429E+02
383	8.002429E+02
384	7.974117E+02
385	7.972334E+02
386	7.947997E+02
387	7.947997E+02
388	7.943193E+02
389	7.921482E+02
390	7.916804E+02
391	7.916804E+02
392	7.910514E+02
393	7.899426E+02
394	7.894818E+02
395	7.893615E+02
396	7.893615E+02
397	7.893615E+02
398	7.893615E+02
399	7.893615E+02
400	7.893062E+02
401	7.893062E+02
402	7.892138E+02
403	7.863603E+02
404	7.856702E+02
405	7.848116E+02
406	7.839949E+02
407	7.839949E+02
408	7.828994E+02
409	7.805120E+02
410	7.796619E+02
411	7.784623E+02
412	7.781810E+02
413	7.780186E+02
414	7.768125E+02
415	7.763029E+02
416	7.743719E+02
417	7.740351E+02
418	7.740351E+02
419	7.740351E+02
420	7.731614E+02
421	7.707196E+02
422	7.700080E+02
423	7.678645E+02
424	7.667595E+02
425	7.658697E+02
426	7.658697E+02
427	7.642633E+02
428	7.626478E+02
429	7.623799E+02
430	7.623799E+02
431	7.623799E+02
432	7.616138E+02
433	7.605617E+02
434	7.597089E+02
435	7.578535E+02
436	7.563682E+02
437	7.563682E+02
438	7.534597E+02
439	7.534597E+02
440	7.509529E+02
441	7.490766E+02
442	7.486847E+02
443	7.484843E+02
444	7.446773E+02
445	7.442340E+02
446	7.435689E+02
447	7.431197E+02
448	7.431197E+02
449	7.431197E+02
450	7.416125E+02
451	7.399223E+02
452	7.398554E+02
453	7.394568E+02
454	7.380342E+02
455	7.380342E+02
456	7.341354E+02
457	7.339230E+02
458	7.334765E+02
459	7.334765E+02
460	7.323247E+02
461	7.293892E+02
462	7.270164E+02
463	7.262179E+02
464	7.250221E+02
465	7.210329E+02
466	7.210329E+02
467	7.183156E+02
468	7.181341E+02
469	7.167609E+02
470	7.146819E+02
471	7.135063E+02
472	7.121861E+02
473	7.113345E+02
474	7.112379E+02
475	7.109291E+02
476	7.093004E+02
477	7.093004E+02
478	7.089320E+02
479	7.075874E+02
480	7.070803E+02
481	7.067874E+02
482	7.067874E+02
483	7.055839E+02
484	7.055839E+02
485	7.048118E+02
486	7.044358E+02
487	7.015093E+02
488	6.999721E+02
489	6.976159E+02
490	6.976159E+02
491	6.976159E+02
492	6.976159E+02
493	6.974074E+02
494	6.955444E+02
495	6.954013E+02
496	6.953587E+02
497	6.953587E+02
498	6.934256E+02
499	6.911782E+02
500	6.897604E+02
501	6.897604E+02
502	6.884181E+02
503	6.867538E+02
504	6.863816E+02
505	6.853441E+02
506	6.847818E+02
507	6.846535E+02
508	6.841330E+02
509	6.841330E+02
510	6.841330E+02
511	6.839043E+02
512	6.816668E+02
513	6.805002E+02
514	6.800882E+02
515	6.792220E+02
516	6.781977E+02
517	6.773750E+02
518	6.773750E+02
519	6.734600E+02
520	6.724736E+02
521	6.724553E+02
522	6.718523E+02
523	6.704399E+02
524	6.676753E+02
525	6.674899E+02
526	6.657712E+02
527	6.637793E+02
528	6.627350E+02
529	6.625996E+02
530	6.620332E+02
531	6.616641E+02
532	6.608528E+02
533	6.591807E+02
534	6.588152E+02
535	6.582947E+02
536	6.558887E+02
537	6.544271E+02
538	6.540650E+02
539	6.535433E+02
540	6.530232E+02
541	6.530232E+02
542	6.515679E+02
543	6.499255E+02
544	6.493474E+02
545	6.493474E+02
546	6.486106E+02
547	6.486106E+02
548	6.469097E+02
549	6.453739E+02
550	6.453739E+02
551	6.442865E+02
552	6.431306E+02
553	6.417560E+02
554	6.408327E+02
555	6.399659E+02
556	6.394668E+02
557	6.394668E+02
558	6.382272E+02
559	6.372548E+02
560	6.372357E+02
561	6.361574E+02
562	6.361574E+02
563	6.350262E+02
564	6.350262E+02
565	6.350262E+02
566	6.350262E+02
567	6.350262E+02
568	6.325942E+02
569	6.325942E+02
570	6.268557E+02
571	6.268557E+02
572	6.238932E+02
573	6.228593E+02
574	6.206227E+02
575	6.202617E+02
576	6.202617E+02
577	6.202617E+02
578	6.198101E+02
579	6.185807E+02
580	6.184142E+02
581	6.181385E+02
582	6.181385E+02
583	6.164387E+02
584	6.163225E+02
585	6.150182E+02
586	6.124930E+02
587	6.121120E+02
588	6.114956E+02
589	6.102656E+02
590	6.085151E+02
591	6.067078E+02
592	6.055107E+02
593	6.051306E+02
594	6.051306E+02
595	6.050525E+02
596	6.041727E+02
597	6.040339E+02
598	6.040086E+02
599	6.040086E+02
600	6.035502E+02
601	6.033499E+02
602	6.033499E+02
603	6.033499E+02
604	6.028130E+02
605	6.026225E+02
606	6.018216E+02
607	6.015001E+02
608	6.004884E+02
609	5.993021E+02
610	5.993021E+02
611	5.988556E+02
612	5.988556E+02
613	5.975848E+02
614	5.962190E+02
615	5.946506E+02
616	5.946506E+02
617	5.943888E+02
618	5.927918E+02
619	5.919484E+02
620	5.911279E+02
621	5.911279E+02
622	5.911253E+02
623	5.898916E+02
624	5.870361E+02
625	5.862711E+02
626	5.843357E+02
627	5.843357E+02
628	5.841658E+02
629	5.841187E+02
630	5.829252E+02
631	5.826321E+02
632	5.815836E+02
633	5.812380E+02
634	5.811216E+02
635	5.809549E+02
636	5.804198E+02
637	5.797502E+02
638	5.785546E+02
639	5.781972E+02
640	5.781743E+02
641	5.766505E+02
642	5.753214E+02
643	5.748479E+02
644	5.742467E+02
645	5.723630E+02
646	5.697967E+02
647	5.688613E+02
648	5.670076E+02
649	5.665323E+02
650	5.665323E+02
651	5.635343E+02
652	5.624961E+02
653	5.609746E+02
654	5.598610E+02
655	5.587936E+02
656	5.578387E+02
657	5.563035E+02
658	5.558031E+02
659	5.555467E+02
660	5.539957E+02
661	5.537006E+02
662	5.521022E+02
663	5.517578E+02
664	5.479418E+02
665	5.464001E+02
666	5.443193E+02
667	5.442256E+02
668	5.424710E+02
669	5.414735E+02
670	5.407285E+02
671	5.373243E+02
672	5.354243E+02
673	5.354095E+02
674	5.336361E+02
675	5.312539E+02
676	5.290243E+02
677	5.290243E+02
678	5.287631E+02
679	5.287034E+02
680	5.275981E+02
681	5.251452E+02
682	5.238266E+02
683	5.232761E+02
684	5.223550E+02
685	5.219235E+02
686	5.209606E+02
687	5.206084E+02
688	5.186837E+02
689	5.181891E+02
690	5.180035E+02
691	5.165767E+02
692	5.154040E+02
693	5.153325E+02
694	5.144419E+02
695	5.137268E+02
696	5.133855E+02
697	5.110541E+02
698	5.106808E+02
699	5.099723E+02
700	5.089230E+02
701	5.087341E+02
702	5.076899E+02
703	5.064159E+02
704	5.061555E+02
705	5.048254E+02
706	5.047446E+02
707	5.043450E+02
708	5.029272E+02
709	5.022371E+02
710	5.015531E+02
711	4.995968E+02
712	4.978296E+02
713	4.954753E+02
714	4.946801E+02
715	4.946697E+02
716	4.937349E+02
717	4.925649E+02
718	4.920577E+02
719	4.912749E+02
720	4.904430E+02
721	4.899373E+02
722	4.892327E+02
723	4.888444E+02
724	4.873853E+02
725	4.861390E+02
726	4.839713E+02
727	4.825949E+02
728	4.820185E+02
729	4.784788E+02
730	4.779426E+02
731	4.760047E+02
732	4.749862E+02
733	4.740246E+02
734	4.736033E+02
735	4.712615E+02
736	4.690827E+02
737	4.687718E+02
738	4.673680E+02
739	4.653780E+02
740	4.648713E+02
741	4.643038E+02
742	4.634911E+02
743	4.629165E+02
744	4.621721E+02
745	4.618266E+02
746	4.605835E+02
747	4.601881E+02
748	4.592600E+02
749	4.589366E+02
750	4.579669E+02
751	4.567285E+02
752	4.542862E+02
753	4.530481E+02
754	4.517008E+02
755	4.511236E+02
756	4.505665E+02
757	4.500122E+02
758	4.495318E+02
759	4.479020E+02
760	4.465924E+02
761	4.455515E+02
762	4.441516E+02
763	4.432311E+02
764	4.427044E+02
765	4.413343E+02
766	4.397962E+02
767	4.358075E+02
768	4.352741E+02
769	4.348629E+02
770	4.339070E+02
771	4.331201E+02
772	4.310206E+02
773	4.300215E+02
774	4.299353E+02
775	4.287944E+02
776	4.260576E+02
777	4.247939E+02
778	4.242568E+02
779	4.231543E+02
780	4.231543E+02
781	4.217371E+02
782	4.205643E+02
783	4.177323E+02
784	4.173673E+02
785	4.169734E+02
786	4.165237E+02
787	4.147828E+02
788	4.142494E+02
789	4.123715E+02
790	4.121708E+02
791	4.106996E+02
792	4.075974E+02
793	4.057290E+02
794	4.036317E+02
795	4.024279E+02
796	3.999407E+02
797	3.985464E+02
798	3.966974E+02
799	3.948035E+02
800	3.934510E+02
801	3.918637E+02
802	3.907102E+02
803	3.893163E+02
804	3.876079E+02
805	3.846513E+02
806	3.825653E+02
807	3.795438E+02
808	3.779559E+02
809	3.755702E+02
810	3.741451E+02
811	3.716829E+02
812	3.708842E+02
813	3.692745E+02
814	3.689140E+02
815	3.680486E+02
816	3.673600E+02
817	3.669432E+02
818	3.655311E+02
819	3.649179E+02
820	3.636070E+02
821	3.627055E+02
822	3.611683E+02
823	3.603555E+02
824	3.585788E+02
825	3.574726E+02
826	3.564154E+02
827	3.562445E+02
828	3.556914E+02
829	3.546525E+02
830	3.536500E+02
831	3.528483E+02
832	3.514854E+02
833	3.506124E+02
834	3.490260E+02
835	3.467583E+02
836	3.457727E+02
837	3.427445E+02
838	3.403350E+02
839	3.391431E+02
840	3.371376E+02
841	3.358899E+02
842	3.351359E+02
843	3.329740E+02
844	3.302713E+02
845	3.295916E+02
846	3.277146E+02
847	3.258096E+02
848	3.239069E+02
849	3.226275E+02
850	3.220603E+02
851	3.202465E+02
852	3.196980E+02
853	3.175413E+02
854	3.167510E+02
855	3.152278E+02
856	3.139334E+02
857	3.129222E+02
858	3.107620E+02
859	3.095983E+02
860	3.080040E+02
861	3.067628E+02
862	3.057993E+02
863	3.052432E+02
864	3.043706E+02
865	3.036259E+02
866	3.027621E+02
867	3.020920E+02
868	3.012791E+02
869	2.993768E+02
870	2.979072E+02
871	2.962594E+02
872	2.948363E+02
873	2.932218E+02
874	2.922324E+02
875	2.908367E+02
876	2.900059E+02
877	2.892717E+02
878	2.882576E+02
879	2.870058E+02
880	2.856409E+02
881	2.847789E+02
882	2.837186E+02
883	2.819425E+02
884	2.809369E+02
885	2.792506E+02
886	2.786842E+02
887	2.778002E+02
888	2.766618E+02
889	2.743238E+02
890	2.735857E+02
891	2.727338E+02
892	2.714280E+02
893	2.692619E+02
894	2.678469E+02
895	2.665239E+02
896	2.649734E+02
897	2.634508E+02
898	2.616083E+02
899	2.601401E+02
900	2.594615E+02
901	2.570968E+02
902	2.550152E+02
903	2.533932E+02
904	2.520958E+02
905	2.505923E+02
906	2.489201E+02
907	2.474514E+02
908	2.461002E+02
909	2.437633E+02
910	2.425300E+02
911	2.411790E+02
912	2.402372E+02
913	2.381004E+02
914	2.367378E+02
915	2.353959E+02
916	2.344847E+02
917	2.328416E+02
918	2.315827E+02
919	2.303676E+02
920	2.294300E+02
921	2.284044E+02
922	2.267991E+02
923	2.249076E+02
924	2.237165E+02
925	2.231187E+02
926	2.216068E+02
927	2.198690E+02
928	2.188341E+02
929	2.174641E+02
930	2.164495E+02
931	2.146331E+02
932	2.139461E+02
933	2.125838E+02
934	2.107345E+02
935	2.087061E+02
936	2.069733E+02
937	2.054993E+02
938	2.042626E+02
939	2.019755E+02
940	2.007588E+02
941	1.981852E+02
942	1.966262E+02
943	1.948181E+02
944	1.938511E+02
945	1.919408E+02
946	1.905748E+02
947	1.889554E+02
948	1.879941E+02
949	1.856980E+02
950	1.841988E+02
951	1.824777E+02
952	1.814579E+02
953	1.801697E+02
954	1.778643E+02
955	1.760518E+02
956	1.744884E+02
957	1.730103E+02
958	1.712223E+02
959	1.691726E+02
960	1.679449E+02
961	1.664254E+02
962	1.646337E+02
963	1.633301E+02
964	1.616816E+02
965	1.602573E+02
966	1.586321E+02
967	1.572974E+02
968	1.556962E+02
969	1.542964E+02
970	1.531337E+02
971	1.513160E+02
972	1.496265E+02
973	1.482220E+02
974	1.466953E+02
975	1.453990E+02
976	1.443403E+02
977	1.425727E+02
978	1.408412E+02
979	1.390222E+02
980	1.376536E+02
981	1.363441E+02
982	1.347800E+02
983	1.336489E+02
984	1.321991E+02
985	1.305128E+02
986	1.290633E+02
987	1.278882E+02
988	1.263020E+02
989	1.251316E+02
990	1.238363E+02
991	1.226019E+02
992	1.214590E+02
993	1.200129E+02
994	1.188046E+02
995	1.176983E+02
996	1.167308E+02
997	1.156601E+02
998	1.147985E+02
999	1.140131E+02
