0	1.385292E+07
1	1.064299E+07
2	6.942863E+06
3	4.178209E+06
4	2.322145E+06
5	1.251860E+06
6	7.071927E+05
7	4.312981E+05
8	2.900117E+05
9	2.146933E+05
10	1.710437E+05
11	1.485442E+05
12	1.309572E+05
13	1.158346E+05
14	1.051131E+05
15	9.798499E+04
16	9.337714E+04
17	8.843943E+04
18	8.605323E+04
19	8.262305E+04
20	7.946806E+04
21	7.662487E+04
22	7.495285E+04
23	7.272636E+04
24	7.008079E+04
25	6.657545E+04
26	6.531223E+04
27	6.363828E+04
28	6.193095E+04
29	6.111171E+04
30	5.993895E+04
31	5.854888E+04
32	5.705650E+04
33	5.651478E+04
34	5.528926E+04
35	5.382397E+04
36	5.315068E+04
37	5.206782E+04
38	5.149788E+04
39	5.120759E+04
40	5.048641E+04
41	4.979423E+04
42	4.933591E+04
43	4.864876E+04
44	4.764225E+04
45	4.702631E+04
46	4.670450E+04
47	4.601419E+04
48	4.565062E+04
49	4.499075E+04
50	4.451568E+04
51	4.442843E+04
52	4.410634E+04
53	4.368328E+04
54	4.312764E+04
55	4.284097E+04
56	4.259139E+04
57	4.226878E+04
58	4.201541E+04
59	4.146025E+04
60	4.104330E+04
61	4.060733E+04
62	4.041170E+04
63	3.954324E+04
64	3.948140E+04
65	3.926134E+04
66	3.897378E+04
67	3.870761E+04
68	3.847065E+04
69	3.826687E+04
70	3.807479E+04
71	3.786406E+04
72	3.775124E+04
73	3.747583E+04
74	3.730754E+04
75	3.691305E+04
76	3.660977E+04
77	3.638057E+04
78	3.634739E+04
79	3.616241E+04
80	3.606472E+04
81	3.588155E+04
82	3.562167E+04
83	3.525082E+04
84	3.504271E+04
85	3.498092E+04
86	3.468249E+04
87	3.449641E+04
88	3.435856E+04
89	3.408446E+04
90	3.391391E+04
91	3.361356E+04
92	3.357977E+04
93	3.342450E+04
94	3.288522E+04
95	3.282814E+04
96	3.270818E+04
97	3.251682E+04
98	3.251682E+04
99	3.245712E+04
100	3.245208E+04
101	3.239482E+04
102	3.229764E+04
103	3.219287E+04
104	3.201613E+04
105	3.188913E+04
106	3.159640E+04
107	3.150349E+04
108	3.137719E+04
109	3.104167E+04
110	3.090689E+04
111	3.081404E+04
112	3.075225E+04
113	3.058697E+04
114	3.044091E+04
115	3.029395E+04
116	3.021995E+04
117	3.011434E+04
118	2.993201E+04
119	2.987254E+04
120	2.966496E+04
121	2.960378E+04
122	2.938898E+04
123	2.926723E+04
124	2.913351E+04
125	2.901690E+04
126	2.893051E+04
127	2.872691E+04
128	2.856586E+04
129	2.842420E+04
130	2.820080E+04
131	2.807786E+04
132	2.800445E+04
133	2.797466E+04
134	2.792038E+04
135	2.765302E+04
136	2.756985E+04
137	2.755565E+04
138	2.748250E+04
139	2.737974E+04
140	2.732897E+04
141	2.725859E+04
142	2.722851E+04
143	2.706516E+04
144	2.687529E+04
145	2.677023E+04
146	2.674974E+04
147	2.661682E+04
148	2.650835E+04
149	2.642345E+04
150	2.635230E+04
151	2.634342E+04
152	2.630660E+04
153	2.617059E+04
154	2.604363E+04
155	2.598414E+04
156	2.574574E+04
157	2.568989E+04
158	2.566972E+04
159	2.554481E+04
160	2.544635E+04
161	2.537507E+04
162	2.530361E+04
163	2.528679E+04
164	2.519162E+04
165	2.512244E+04
166	2.505786E+04
167	2.504148E+04
168	2.499185E+04
169	2.490475E+04
170	2.482759E+04
171	2.481324E+04
172	2.474194E+04
173	2.467289E+04
174	2.460463E+04
175	2.441688E+04
176	2.440705E+04
177	2.437266E+04
178	2.436018E+04
179	2.428924E+04
180	2.423298E+04
181	2.418040E+04
182	2.410490E+04
183	2.406556E+04
184	2.405627E+04
185	2.401640E+04
186	2.397366E+04
187	2.392262E+04
188	2.386165E+04
189	2.380414E+04
190	2.378535E+04
191	2.374453E+04
192	2.362864E+04
193	2.360586E+04
194	2.347126E+04
195	2.338796E+04
196	2.333226E+04
197	2.323501E+04
198	2.318605E+04
199	2.309400E+04
200	2.304659E+04
201	2.299200E+04
202	2.297497E+04
203	2.279873E+04
204	2.272682E+04
205	2.264238E+04
206	2.257284E+04
207	2.254125E+04
208	2.245224E+04
209	2.243461E+04
210	2.236343E+04
211	2.229485E+04
212	2.225352E+04
213	2.223418E+04
214	2.223418E+04
215	2.218824E+04
216	2.214896E+04
217	2.212935E+04
218	2.212268E+04
219	2.204779E+04
220	2.197543E+04
221	2.195867E+04
222	2.190513E+04
223	2.189115E+04
224	2.186800E+04
225	2.169167E+04
226	2.167643E+04
227	2.161289E+04
228	2.155804E+04
229	2.150274E+04
230	2.142216E+04
231	2.139012E+04
232	2.130709E+04
233	2.128023E+04
234	2.127888E+04
235	2.123034E+04
236	2.122319E+04
237	2.113742E+04
238	2.111261E+04
239	2.108171E+04
240	2.099234E+04
241	2.093968E+04
242	2.088433E+04
243	2.082127E+04
244	2.079402E+04
245	2.076649E+04
246	2.072512E+04
247	2.063513E+04
248	2.056745E+04
249	2.044170E+04
250	2.039960E+04
251	2.028379E+04
252	2.017265E+04
253	2.010061E+04
254	2.004009E+04
255	2.002504E+04
256	1.999267E+04
257	1.990538E+04
258	1.986303E+04
259	1.982331E+04
260	1.979148E+04
261	1.978075E+04
262	1.976504E+04
263	1.975753E+04
264	1.970096E+04
265	1.966161E+04
266	1.962665E+04
267	1.959151E+04
268	1.954344E+04
269	1.949689E+04
270	1.936259E+04
271	1.928215E+04
272	1.919849E+04
273	1.911105E+04
274	1.903153E+04
275	1.898422E+04
276	1.891809E+04
277	1.886068E+04
278	1.883661E+04
279	1.872827E+04
280	1.869411E+04
281	1.866263E+04
282	1.861300E+04
283	1.857785E+04
284	1.850450E+04
285	1.846105E+04
286	1.836856E+04
287	1.836856E+04
288	1.824871E+04
289	1.821629E+04
290	1.818259E+04
291	1.813706E+04
292	1.805730E+04
293	1.796516E+04
294	1.789850E+04
295	1.788736E+04
296	1.783800E+04
297	1.770683E+04
298	1.761589E+04
299	1.761589E+04
300	1.761001E+04
301	1.749288E+04
302	1.745166E+04
303	1.745071E+04
304	1.741276E+04
305	1.735946E+04
306	1.733344E+04
307	1.732848E+04
308	1.732489E+04
309	1.720088E+04
310	1.718958E+04
311	1.718958E+04
312	1.709282E+04
313	1.704827E+04
314	1.698241E+04
315	1.694019E+04
316	1.690451E+04
317	1.686504E+04
318	1.684633E+04
319	1.680508E+04
320	1.680508E+04
321	1.677705E+04
322	1.669139E+04
323	1.669108E+04
324	1.668599E+04
325	1.662776E+04
326	1.662332E+04
327	1.655740E+04
328	1.649859E+04
329	1.639515E+04
330	1.630425E+04
331	1.623727E+04
332	1.622194E+04
333	1.622194E+04
334	1.614250E+04
335	1.610056E+04
336	1.605423E+04
337	1.599016E+04
338	1.597400E+04
339	1.595757E+04
340	1.586399E+04
341	1.577111E+04
342	1.576241E+04
343	1.572354E+04
344	1.572214E+04
345	1.572039E+04
346	1.570870E+04
347	1.566551E+04
348	1.563342E+04
349	1.563334E+04
350	1.562918E+04
351	1.562525E+04
352	1.554847E+04
353	1.551047E+04
354	1.547085E+04
355	1.546791E+04
356	1.541931E+04
357	1.538630E+04
358	1.534499E+04
359	1.529627E+04
360	1.528797E+04
361	1.525336E+04
362	1.522842E+04
363	1.519177E+04
364	1.515229E+04
365	1.512045E+04
366	1.504930E+04
367	1.504413E+04
368	1.495973E+04
369	1.494002E+04
370	1.487270E+04
371	1.483266E+04
372	1.482656E+04
373	1.479348E+04
374	1.476994E+04
375	1.475836E+04
376	1.474500E+04
377	1.469784E+04
378	1.469309E+04
379	1.465656E+04
380	1.459709E+04
381	1.453473E+04
382	1.450415E+04
383	1.444515E+04
384	1.441164E+04
385	1.430157E+04
386	1.426271E+04
387	1.425359E+04
388	1.421979E+04
389	1.419868E+04
390	1.411926E+04
391	1.406577E+04
392	1.400065E+04
393	1.396986E+04
394	1.396986E+04
395	1.392880E+04
396	1.387596E+04
397	1.384177E+04
398	1.379722E+04
399	1.378189E+04
400	1.377615E+04
401	1.371852E+04
402	1.367440E+04
403	1.363244E+04
404	1.363244E+04
405	1.360108E+04
406	1.359271E+04
407	1.354975E+04
408	1.354853E+04
409	1.349815E+04
410	1.342565E+04
411	1.341040E+04
412	1.333805E+04
413	1.333216E+04
414	1.327649E+04
415	1.321470E+04
416	1.318947E+04
417	1.317240E+04
418	1.315741E+04
419	1.310911E+04
420	1.308326E+04
421	1.305858E+04
422	1.299178E+04
423	1.292204E+04
424	1.290997E+04
425	1.287593E+04
426	1.286634E+04
427	1.281776E+04
428	1.281177E+04
429	1.277806E+04
430	1.276719E+04
431	1.272919E+04
432	1.270530E+04
433	1.263886E+04
434	1.257791E+04
435	1.254140E+04
436	1.253617E+04
437	1.250976E+04
438	1.249862E+04
439	1.244400E+04
440	1.236783E+04
441	1.235352E+04
442	1.234103E+04
443	1.233285E+04
444	1.231305E+04
445	1.230281E+04
446	1.229664E+04
447	1.221260E+04
448	1.217610E+04
449	1.217094E+04
450	1.216940E+04
451	1.212830E+04
452	1.209598E+04
453	1.208282E+04
454	1.202356E+04
455	1.198261E+04
456	1.191404E+04
457	1.191214E+04
458	1.189095E+04
459	1.182733E+04
460	1.180994E+04
461	1.175028E+04
462	1.168662E+04
463	1.161271E+04
464	1.158537E+04
465	1.155401E+04
466	1.150384E+04
467	1.148315E+04
468	1.143783E+04
469	1.139057E+04
470	1.138183E+04
471	1.135830E+04
472	1.133548E+04
473	1.130043E+04
474	1.129245E+04
475	1.129131E+04
476	1.126146E+04
477	1.123718E+04
478	1.123260E+04
479	1.121973E+04
480	1.116368E+04
481	1.112632E+04
482	1.110332E+04
483	1.104238E+04
484	1.103645E+04
485	1.102267E+04
486	1.096048E+04
487	1.092022E+04
488	1.087703E+04
489	1.084683E+04
490	1.082869E+04
491	1.081038E+04
492	1.078267E+04
493	1.077788E+04
494	1.075693E+04
495	1.072739E+04
496	1.070730E+04
497	1.070097E+04
498	1.069174E+04
499	1.066699E+04
500	1.060784E+04
501	1.056821E+04
502	1.055218E+04
503	1.049171E+04
504	1.047232E+04
505	1.043727E+04
506	1.042764E+04
507	1.041872E+04
508	1.040006E+04
509	1.037594E+04
510	1.036375E+04
511	1.030585E+04
512	1.028196E+04
513	1.025345E+04
514	1.020862E+04
515	1.019245E+04
516	1.018703E+04
517	1.016729E+04
518	1.013813E+04
519	1.011015E+04
520	1.007392E+04
521	1.004247E+04
522	1.000375E+04
523	9.995992E+03
524	9.949486E+03
525	9.909441E+03
526	9.886100E+03
527	9.845640E+03
528	9.845640E+03
529	9.832782E+03
530	9.814243E+03
531	9.781433E+03
532	9.749694E+03
533	9.733707E+03
534	9.678558E+03
535	9.642847E+03
536	9.629260E+03
537	9.615953E+03
538	9.587461E+03
539	9.576722E+03
540	9.525452E+03
541	9.475447E+03
542	9.404617E+03
543	9.368496E+03
544	9.319724E+03
545	9.257066E+03
546	9.225527E+03
547	9.217293E+03
548	9.194892E+03
549	9.172635E+03
550	9.167606E+03
551	9.153901E+03
552	9.090166E+03
553	9.065351E+03
554	9.021585E+03
555	9.000370E+03
556	8.971429E+03
557	8.938896E+03
558	8.924762E+03
559	8.895144E+03
560	8.895144E+03
561	8.879731E+03
562	8.869974E+03
563	8.828078E+03
564	8.809126E+03
565	8.782738E+03
566	8.760477E+03
567	8.744165E+03
568	8.724878E+03
569	8.694927E+03
570	8.677816E+03
571	8.652196E+03
572	8.620407E+03
573	8.611467E+03
574	8.601988E+03
575	8.597815E+03
576	8.564210E+03
577	8.556756E+03
578	8.532763E+03
579	8.487784E+03
580	8.478986E+03
581	8.444660E+03
582	8.434531E+03
583	8.425358E+03
584	8.397029E+03
585	8.380600E+03
586	8.367388E+03
587	8.344481E+03
588	8.320340E+03
589	8.272780E+03
590	8.248321E+03
591	8.241316E+03
592	8.230774E+03
593	8.193125E+03
594	8.162110E+03
595	8.134841E+03
596	8.096855E+03
597	8.064248E+03
598	8.037735E+03
599	8.009776E+03
600	7.974024E+03
601	7.966065E+03
602	7.932743E+03
603	7.895223E+03
604	7.867890E+03
605	7.860202E+03
606	7.842107E+03
607	7.824479E+03
608	7.787828E+03
609	7.773153E+03
610	7.742931E+03
611	7.734765E+03
612	7.692881E+03
613	7.673191E+03
614	7.655671E+03
615	7.645028E+03
616	7.627101E+03
617	7.611496E+03
618	7.579870E+03
619	7.575143E+03
620	7.549354E+03
621	7.547281E+03
622	7.505355E+03
623	7.476265E+03
624	7.449876E+03
625	7.440369E+03
626	7.435205E+03
627	7.426346E+03
628	7.406892E+03
629	7.388889E+03
630	7.366038E+03
631	7.357889E+03
632	7.340432E+03
633	7.325031E+03
634	7.301873E+03
635	7.286925E+03
636	7.265792E+03
637	7.235823E+03
638	7.232519E+03
639	7.220578E+03
640	7.190507E+03
641	7.170266E+03
642	7.152566E+03
643	7.123316E+03
644	7.104855E+03
645	7.077589E+03
646	7.046765E+03
647	7.029769E+03
648	6.997642E+03
649	6.978420E+03
650	6.960910E+03
651	6.920400E+03
652	6.900715E+03
653	6.896047E+03
654	6.872823E+03
655	6.862977E+03
656	6.832842E+03
657	6.821726E+03
658	6.810793E+03
659	6.805025E+03
660	6.781534E+03
661	6.742740E+03
662	6.721144E+03
663	6.700367E+03
664	6.697739E+03
665	6.680501E+03
666	6.661204E+03
667	6.648591E+03
668	6.625882E+03
669	6.608696E+03
670	6.597992E+03
671	6.578329E+03
672	6.565188E+03
673	6.541621E+03
674	6.522938E+03
675	6.503489E+03
676	6.491521E+03
677	6.426153E+03
678	6.417360E+03
679	6.391226E+03
680	6.383922E+03
681	6.376672E+03
682	6.342236E+03
683	6.323270E+03
684	6.313022E+03
685	6.291447E+03
686	6.285750E+03
687	6.270078E+03
688	6.244395E+03
689	6.236758E+03
690	6.228827E+03
691	6.213298E+03
692	6.201546E+03
693	6.181119E+03
694	6.160481E+03
695	6.142928E+03
696	6.128563E+03
697	6.121655E+03
698	6.106602E+03
699	6.086812E+03
700	6.066542E+03
701	6.045802E+03
702	6.030637E+03
703	5.996125E+03
704	5.982449E+03
705	5.967007E+03
706	5.939929E+03
707	5.922758E+03
708	5.912470E+03
709	5.894032E+03
710	5.876727E+03
711	5.869166E+03
712	5.858224E+03
713	5.850856E+03
714	5.834752E+03
715	5.814737E+03
716	5.802433E+03
717	5.769237E+03
718	5.754890E+03
719	5.749038E+03
720	5.739204E+03
721	5.718328E+03
722	5.703664E+03
723	5.691453E+03
724	5.676612E+03
725	5.653269E+03
726	5.631722E+03
727	5.599604E+03
728	5.595266E+03
729	5.586120E+03
730	5.575159E+03
731	5.566529E+03
732	5.536853E+03
733	5.514110E+03
734	5.496781E+03
735	5.476588E+03
736	5.463622E+03
737	5.442674E+03
738	5.441465E+03
739	5.420921E+03
740	5.415407E+03
741	5.400472E+03
742	5.393580E+03
743	5.387105E+03
744	5.363569E+03
745	5.352857E+03
746	5.335880E+03
747	5.316751E+03
748	5.311795E+03
749	5.299085E+03
750	5.272395E+03
751	5.253401E+03
752	5.229384E+03
753	5.211465E+03
754	5.194772E+03
755	5.184535E+03
756	5.173658E+03
757	5.156796E+03
758	5.151649E+03
759	5.136618E+03
760	5.111742E+03
761	5.090052E+03
762	5.073585E+03
763	5.059300E+03
764	5.049170E+03
765	5.030430E+03
766	5.019226E+03
767	4.995103E+03
768	4.990641E+03
769	4.965815E+03
770	4.956276E+03
771	4.942377E+03
772	4.915999E+03
773	4.903190E+03
774	4.888242E+03
775	4.874161E+03
776	4.851355E+03
777	4.844294E+03
778	4.838403E+03
779	4.828782E+03
780	4.809971E+03
781	4.800561E+03
782	4.790735E+03
783	4.778032E+03
784	4.767540E+03
785	4.749757E+03
786	4.731180E+03
787	4.725660E+03
788	4.711939E+03
789	4.701266E+03
790	4.683407E+03
791	4.677399E+03
792	4.670711E+03
793	4.660454E+03
794	4.650139E+03
795	4.635137E+03
796	4.625186E+03
797	4.620243E+03
798	4.599790E+03
799	4.581828E+03
800	4.562462E+03
801	4.550161E+03
802	4.536406E+03
803	4.526415E+03
804	4.515585E+03
805	4.502745E+03
806	4.491891E+03
807	4.479156E+03
808	4.468431E+03
809	4.457892E+03
810	4.448228E+03
811	4.445127E+03
812	4.437676E+03
813	4.422979E+03
814	4.411985E+03
815	4.402935E+03
816	4.392579E+03
817	4.390669E+03
818	4.386460E+03
819	4.384043E+03
820	4.364373E+03
821	4.354308E+03
822	4.338502E+03
823	4.319592E+03
824	4.311438E+03
825	4.298172E+03
826	4.278168E+03
827	4.261277E+03
828	4.250178E+03
829	4.237650E+03
830	4.220923E+03
831	4.206900E+03
832	4.195827E+03
833	4.190237E+03
834	4.186574E+03
835	4.174615E+03
836	4.164549E+03
837	4.154619E+03
838	4.143358E+03
839	4.131038E+03
840	4.119005E+03
841	4.108064E+03
842	4.096060E+03
843	4.086581E+03
844	4.070809E+03
845	4.066935E+03
846	4.054298E+03
847	4.042612E+03
848	4.033681E+03
849	4.026375E+03
850	4.013108E+03
851	4.000156E+03
852	3.991527E+03
853	3.983581E+03
854	3.973806E+03
855	3.964627E+03
856	3.959163E+03
857	3.944145E+03
858	3.936416E+03
859	3.927739E+03
860	3.920818E+03
861	3.913753E+03
862	3.900960E+03
863	3.888656E+03
864	3.877838E+03
865	3.870793E+03
866	3.865799E+03
867	3.856929E+03
868	3.844919E+03
869	3.839749E+03
870	3.834567E+03
871	3.822504E+03
872	3.812506E+03
873	3.810974E+03
874	3.804330E+03
875	3.797799E+03
876	3.790402E+03
877	3.783831E+03
878	3.776665E+03
879	3.769461E+03
880	3.758910E+03
881	3.749656E+03
882	3.742390E+03
883	3.734449E+03
884	3.725973E+03
885	3.720279E+03
886	3.714234E+03
887	3.710788E+03
888	3.702789E+03
889	3.697988E+03
890	3.694382E+03
891	3.686719E+03
892	3.676885E+03
893	3.664992E+03
894	3.652638E+03
895	3.643457E+03
896	3.636027E+03
897	3.630947E+03
898	3.624608E+03
899	3.612486E+03
900	3.601729E+03
901	3.595195E+03
902	3.587082E+03
903	3.580013E+03
904	3.574892E+03
905	3.567402E+03
906	3.563611E+03
907	3.556823E+03
908	3.544071E+03
909	3.535859E+03
910	3.524381E+03
911	3.513589E+03
912	3.504650E+03
913	3.501065E+03
914	3.491730E+03
915	3.485528E+03
916	3.481072E+03
917	3.468324E+03
918	3.461306E+03
919	3.454417E+03
920	3.446825E+03
921	3.440571E+03
922	3.437049E+03
923	3.430816E+03
924	3.424710E+03
925	3.417898E+03
926	3.412714E+03
927	3.408857E+03
928	3.403541E+03
929	3.396646E+03
930	3.391891E+03
931	3.386766E+03
932	3.381647E+03
933	3.376979E+03
934	3.372095E+03
935	3.367438E+03
936	3.360218E+03
937	3.353121E+03
938	3.346451E+03
939	3.341087E+03
940	3.333678E+03
941	3.328919E+03
942	3.325417E+03
943	3.320394E+03
944	3.313834E+03
945	3.308493E+03
946	3.301936E+03
947	3.296657E+03
948	3.292080E+03
949	3.288634E+03
950	3.284109E+03
951	3.279291E+03
952	3.275429E+03
953	3.271810E+03
954	3.266259E+03
955	3.260647E+03
956	3.255311E+03
957	3.251387E+03
958	3.246481E+03
959	3.242322E+03
960	3.237736E+03
961	3.234124E+03
962	3.230414E+03
963	3.226152E+03
964	3.221624E+03
965	3.217596E+03
966	3.213890E+03
967	3.210132E+03
968	3.206632E+03
969	3.202696E+03
970	3.199756E+03
971	3.197108E+03
972	3.193795E+03
973	3.190493E+03
974	3.186939E+03
975	3.182727E+03
976	3.179654E+03
977	3.176148E+03
978	3.172729E+03
979	3.170316E+03
980	3.167324E+03
981	3.165001E+03
982	3.162321E+03
983	3.159260E+03
984	3.156936E+03
985	3.154453E+03
986	3.151684E+03
987	3.149456E+03
988	3.146628E+03
989	3.144302E+03
990	3.142175E+03
991	3.139998E+03
992	3.138082E+03
993	3.136504E+03
994	3.134711E+03
995	3.133168E+03
996	3.131433E+03
997	3.130014E+03
998	3.128811E+03
999	3.127355E+03
