0	3.509845E+07
1	2.691397E+07
2	1.736484E+07
3	1.027686E+07
4	5.769644E+06
5	3.176286E+06
6	1.885404E+06
7	1.263255E+06
8	9.644400E+05
9	7.552408E+05
10	6.440419E+05
11	5.653765E+05
12	5.238826E+05
13	4.940758E+05
14	4.664220E+05
15	4.473130E+05
16	4.322706E+05
17	4.205118E+05
18	4.099905E+05
19	3.998611E+05
20	3.925632E+05
21	3.824845E+05
22	3.732284E+05
23	3.602846E+05
24	3.535958E+05
25	3.467540E+05
26	3.400996E+05
27	3.325318E+05
28	3.289009E+05
29	3.245500E+05
30	3.170724E+05
31	3.131592E+05
32	3.079736E+05
33	3.041064E+05
34	3.014258E+05
35	2.975188E+05
36	2.945302E+05
37	2.901709E+05
38	2.862386E+05
39	2.844842E+05
40	2.812666E+05
41	2.779704E+05
42	2.763768E+05
43	2.725486E+05
44	2.694430E+05
45	2.651651E+05
46	2.627365E+05
47	2.588294E+05
48	2.572481E+05
49	2.544675E+05
50	2.512572E+05
51	2.490880E+05
52	2.471223E+05
53	2.454864E+05
54	2.436387E+05
55	2.421724E+05
56	2.404353E+05
57	2.393603E+05
58	2.367918E+05
59	2.354858E+05
60	2.340114E+05
61	2.322716E+05
62	2.307925E+05
63	2.288854E+05
64	2.273856E+05
65	2.257259E+05
66	2.238006E+05
67	2.235260E+05
68	2.226908E+05
69	2.218677E+05
70	2.204396E+05
71	2.192664E+05
72	2.170532E+05
73	2.156803E+05
74	2.138313E+05
75	2.130892E+05
76	2.114610E+05
77	2.098848E+05
78	2.083746E+05
79	2.070670E+05
80	2.053950E+05
81	2.043952E+05
82	2.033984E+05
83	2.022129E+05
84	2.018862E+05
85	2.003572E+05
86	1.996172E+05
87	1.979708E+05
88	1.965923E+05
89	1.955001E+05
90	1.949617E+05
91	1.936119E+05
92	1.916309E+05
93	1.913195E+05
94	1.903376E+05
95	1.894302E+05
96	1.885206E+05
97	1.875564E+05
98	1.868072E+05
99	1.860464E+05
100	1.854899E+05
101	1.849161E+05
102	1.838331E+05
103	1.829741E+05
104	1.820248E+05
105	1.807287E+05
106	1.802863E+05
107	1.798322E+05
108	1.790294E+05
109	1.779615E+05
110	1.766158E+05
111	1.754935E+05
112	1.747528E+05
113	1.735709E+05
114	1.729407E+05
115	1.719031E+05
116	1.715126E+05
117	1.708602E+05
118	1.696852E+05
119	1.693228E+05
120	1.687495E+05
121	1.677102E+05
122	1.667008E+05
123	1.659980E+05
124	1.657236E+05
125	1.654027E+05
126	1.650754E+05
127	1.634305E+05
128	1.622358E+05
129	1.616646E+05
130	1.611081E+05
131	1.595331E+05
132	1.589666E+05
133	1.585336E+05
134	1.577983E+05
135	1.575350E+05
136	1.569957E+05
137	1.568431E+05
138	1.560634E+05
139	1.550537E+05
140	1.544210E+05
141	1.536273E+05
142	1.528564E+05
143	1.520554E+05
144	1.507694E+05
145	1.503377E+05
146	1.495872E+05
147	1.490085E+05
148	1.474431E+05
149	1.473541E+05
150	1.464207E+05
151	1.456976E+05
152	1.451779E+05
153	1.447893E+05
154	1.439725E+05
155	1.433429E+05
156	1.427714E+05
157	1.419905E+05
158	1.418122E+05
159	1.410496E+05
160	1.406317E+05
161	1.401986E+05
162	1.400048E+05
163	1.396097E+05
164	1.394940E+05
165	1.388135E+05
166	1.383409E+05
167	1.378143E+05
168	1.376475E+05
169	1.376247E+05
170	1.371451E+05
171	1.365391E+05
172	1.359983E+05
173	1.356883E+05
174	1.348964E+05
175	1.345944E+05
176	1.341252E+05
177	1.339467E+05
178	1.332013E+05
179	1.329712E+05
180	1.322401E+05
181	1.318685E+05
182	1.315038E+05
183	1.311130E+05
184	1.307215E+05
185	1.302723E+05
186	1.296185E+05
187	1.291151E+05
188	1.287973E+05
189	1.284511E+05
190	1.277225E+05
191	1.271924E+05
192	1.269683E+05
193	1.266005E+05
194	1.257907E+05
195	1.252724E+05
196	1.248694E+05
197	1.245151E+05
198	1.239698E+05
199	1.239066E+05
200	1.231532E+05
201	1.227566E+05
202	1.222598E+05
203	1.221767E+05
204	1.219102E+05
205	1.218658E+05
206	1.211399E+05
207	1.208355E+05
208	1.204244E+05
209	1.197653E+05
210	1.195454E+05
211	1.191898E+05
212	1.188782E+05
213	1.184001E+05
214	1.177786E+05
215	1.171792E+05
216	1.171385E+05
217	1.164409E+05
218	1.160439E+05
219	1.158028E+05
220	1.151888E+05
221	1.145975E+05
222	1.143027E+05
223	1.136744E+05
224	1.135455E+05
225	1.134402E+05
226	1.130827E+05
227	1.128075E+05
228	1.127876E+05
229	1.123696E+05
230	1.117724E+05
231	1.115193E+05
232	1.112876E+05
233	1.108056E+05
234	1.105177E+05
235	1.104097E+05
236	1.101469E+05
237	1.097499E+05
238	1.095708E+05
239	1.091987E+05
240	1.091471E+05
241	1.089204E+05
242	1.085641E+05
243	1.081621E+05
244	1.077574E+05
245	1.071966E+05
246	1.068803E+05
247	1.066202E+05
248	1.065371E+05
249	1.063822E+05
250	1.061166E+05
251	1.060320E+05
252	1.056043E+05
253	1.053503E+05
254	1.049217E+05
255	1.046232E+05
256	1.043979E+05
257	1.042688E+05
258	1.038320E+05
259	1.037848E+05
260	1.034688E+05
261	1.033144E+05
262	1.028770E+05
263	1.026437E+05
264	1.023513E+05
265	1.022671E+05
266	1.020835E+05
267	1.019678E+05
268	1.015819E+05
269	1.011858E+05
270	1.005151E+05
271	1.000059E+05
272	9.964037E+04
273	9.927574E+04
274	9.886272E+04
275	9.839476E+04
276	9.809937E+04
277	9.796169E+04
278	9.763467E+04
279	9.760205E+04
280	9.717002E+04
281	9.708621E+04
282	9.660118E+04
283	9.594781E+04
284	9.583467E+04
285	9.559959E+04
286	9.522200E+04
287	9.489819E+04
288	9.472369E+04
289	9.449059E+04
290	9.362098E+04
291	9.335833E+04
292	9.304724E+04
293	9.288291E+04
294	9.266935E+04
295	9.248205E+04
296	9.235038E+04
297	9.208483E+04
298	9.178624E+04
299	9.169656E+04
300	9.156056E+04
301	9.142198E+04
302	9.091085E+04
303	9.087951E+04
304	9.084494E+04
305	9.043571E+04
306	9.029450E+04
307	9.007948E+04
308	8.977270E+04
309	8.968216E+04
310	8.942735E+04
311	8.936719E+04
312	8.920915E+04
313	8.901421E+04
314	8.868298E+04
315	8.855458E+04
316	8.802317E+04
317	8.794148E+04
318	8.773886E+04
319	8.760222E+04
320	8.721062E+04
321	8.702269E+04
322	8.686359E+04
323	8.663360E+04
324	8.641236E+04
325	8.594057E+04
326	8.561158E+04
327	8.552661E+04
328	8.540024E+04
329	8.513399E+04
330	8.503889E+04
331	8.489096E+04
332	8.471233E+04
333	8.459662E+04
334	8.418038E+04
335	8.403853E+04
336	8.352592E+04
337	8.309738E+04
338	8.287367E+04
339	8.241960E+04
340	8.230603E+04
341	8.225129E+04
342	8.193434E+04
343	8.189603E+04
344	8.171146E+04
345	8.159541E+04
346	8.142949E+04
347	8.137390E+04
348	8.113891E+04
349	8.098548E+04
350	8.055485E+04
351	8.028921E+04
352	8.011939E+04
353	7.991009E+04
354	7.983645E+04
355	7.982174E+04
356	7.973727E+04
357	7.954265E+04
358	7.935930E+04
359	7.931762E+04
360	7.924513E+04
361	7.906471E+04
362	7.901902E+04
363	7.882302E+04
364	7.827562E+04
365	7.818315E+04
366	7.815446E+04
367	7.798895E+04
368	7.786280E+04
369	7.777722E+04
370	7.753381E+04
371	7.735996E+04
372	7.694570E+04
373	7.682652E+04
374	7.679332E+04
375	7.675987E+04
376	7.662697E+04
377	7.639623E+04
378	7.601632E+04
379	7.595083E+04
380	7.585371E+04
381	7.573913E+04
382	7.561362E+04
383	7.520576E+04
384	7.490374E+04
385	7.459493E+04
386	7.439335E+04
387	7.422403E+04
388	7.400275E+04
389	7.390283E+04
390	7.355987E+04
391	7.337834E+04
392	7.318173E+04
393	7.283469E+04
394	7.255086E+04
395	7.232971E+04
396	7.202413E+04
397	7.178028E+04
398	7.167523E+04
399	7.150172E+04
400	7.131845E+04
401	7.118931E+04
402	7.113090E+04
403	7.094682E+04
404	7.082701E+04
405	7.053575E+04
406	7.027084E+04
407	7.024817E+04
408	6.998839E+04
409	6.973340E+04
410	6.947390E+04
411	6.932189E+04
412	6.912137E+04
413	6.879841E+04
414	6.855001E+04
415	6.824364E+04
416	6.808172E+04
417	6.783169E+04
418	6.775760E+04
419	6.747370E+04
420	6.724243E+04
421	6.713962E+04
422	6.708365E+04
423	6.689631E+04
424	6.673949E+04
425	6.661810E+04
426	6.643965E+04
427	6.623994E+04
428	6.614551E+04
429	6.597137E+04
430	6.575236E+04
431	6.570168E+04
432	6.547348E+04
433	6.534075E+04
434	6.521534E+04
435	6.511265E+04
436	6.496988E+04
437	6.485363E+04
438	6.455410E+04
439	6.432428E+04
440	6.427718E+04
441	6.403209E+04
442	6.370155E+04
443	6.348724E+04
444	6.330964E+04
445	6.305527E+04
446	6.296237E+04
447	6.287163E+04
448	6.256079E+04
449	6.246389E+04
450	6.237363E+04
451	6.225056E+04
452	6.220953E+04
453	6.191422E+04
454	6.166082E+04
455	6.141102E+04
456	6.115849E+04
457	6.097564E+04
458	6.084153E+04
459	6.058712E+04
460	6.024954E+04
461	6.016109E+04
462	5.993187E+04
463	5.974757E+04
464	5.950090E+04
465	5.939386E+04
466	5.918786E+04
467	5.901863E+04
468	5.887552E+04
469	5.877072E+04
470	5.858086E+04
471	5.857237E+04
472	5.834528E+04
473	5.817781E+04
474	5.809145E+04
475	5.786415E+04
476	5.773403E+04
477	5.755641E+04
478	5.747396E+04
479	5.738504E+04
480	5.718446E+04
481	5.710250E+04
482	5.695864E+04
483	5.675932E+04
484	5.668846E+04
485	5.658235E+04
486	5.645057E+04
487	5.632700E+04
488	5.625744E+04
489	5.610849E+04
490	5.596698E+04
491	5.583790E+04
492	5.572967E+04
493	5.547328E+04
494	5.526650E+04
495	5.510957E+04
496	5.488296E+04
497	5.480634E+04
498	5.472088E+04
499	5.458541E+04
500	5.441690E+04
501	5.429360E+04
502	5.426861E+04
503	5.418736E+04
504	5.387806E+04
505	5.383196E+04
506	5.361353E+04
507	5.350006E+04
508	5.317282E+04
509	5.294642E+04
510	5.279104E+04
511	5.268126E+04
512	5.253149E+04
513	5.228110E+04
514	5.217320E+04
515	5.208599E+04
516	5.199291E+04
517	5.179285E+04
518	5.166300E+04
519	5.142134E+04
520	5.134521E+04
521	5.124808E+04
522	5.107528E+04
523	5.081815E+04
524	5.077745E+04
525	5.053401E+04
526	5.034479E+04
527	5.015015E+04
528	5.002837E+04
529	4.974469E+04
530	4.955693E+04
531	4.946944E+04
532	4.941646E+04
533	4.926626E+04
534	4.907749E+04
535	4.889346E+04
536	4.860507E+04
537	4.848244E+04
538	4.833715E+04
539	4.811208E+04
540	4.792799E+04
541	4.753675E+04
542	4.744418E+04
543	4.727923E+04
544	4.711513E+04
545	4.699345E+04
546	4.683519E+04
547	4.657293E+04
548	4.647043E+04
549	4.634348E+04
550	4.598140E+04
551	4.583802E+04
552	4.570178E+04
553	4.548990E+04
554	4.537041E+04
555	4.521781E+04
556	4.506032E+04
557	4.485963E+04
558	4.479356E+04
559	4.451074E+04
560	4.436817E+04
561	4.430712E+04
562	4.421436E+04
563	4.406499E+04
564	4.399165E+04
565	4.383932E+04
566	4.366867E+04
567	4.358801E+04
568	4.349690E+04
569	4.329809E+04
570	4.324473E+04
571	4.313783E+04
572	4.296961E+04
573	4.285152E+04
574	4.266510E+04
575	4.251614E+04
576	4.220765E+04
577	4.214412E+04
578	4.212041E+04
579	4.198802E+04
580	4.179352E+04
581	4.169077E+04
582	4.156823E+04
583	4.144461E+04
584	4.125114E+04
585	4.108334E+04
586	4.098452E+04
587	4.090556E+04
588	4.078326E+04
589	4.074161E+04
590	4.059254E+04
591	4.052947E+04
592	4.027775E+04
593	4.021184E+04
594	4.014492E+04
595	4.006299E+04
596	3.993792E+04
597	3.985290E+04
598	3.951126E+04
599	3.943636E+04
600	3.929736E+04
601	3.919048E+04
602	3.907712E+04
603	3.891669E+04
604	3.879063E+04
605	3.865386E+04
606	3.849906E+04
607	3.834253E+04
608	3.816774E+04
609	3.792766E+04
610	3.776527E+04
611	3.754887E+04
612	3.746134E+04
613	3.737258E+04
614	3.727925E+04
615	3.712459E+04
616	3.695633E+04
617	3.680414E+04
618	3.675154E+04
619	3.668904E+04
620	3.654026E+04
621	3.638214E+04
622	3.615270E+04
623	3.605526E+04
624	3.595179E+04
625	3.588441E+04
626	3.571830E+04
627	3.552662E+04
628	3.551969E+04
629	3.538317E+04
630	3.527746E+04
631	3.524456E+04
632	3.504976E+04
633	3.488808E+04
634	3.474360E+04
635	3.464602E+04
636	3.456764E+04
637	3.446267E+04
638	3.434471E+04
639	3.424459E+04
640	3.417459E+04
641	3.395251E+04
642	3.384488E+04
643	3.367298E+04
644	3.359967E+04
645	3.348812E+04
646	3.337978E+04
647	3.327888E+04
648	3.318746E+04
649	3.307556E+04
650	3.300331E+04
651	3.296784E+04
652	3.288543E+04
653	3.275472E+04
654	3.264390E+04
655	3.249368E+04
656	3.238699E+04
657	3.225383E+04
658	3.213547E+04
659	3.194227E+04
660	3.182489E+04
661	3.161000E+04
662	3.146076E+04
663	3.135931E+04
664	3.122270E+04
665	3.113352E+04
666	3.110951E+04
667	3.101028E+04
668	3.083649E+04
669	3.076800E+04
670	3.059245E+04
671	3.042255E+04
672	3.029871E+04
673	3.022412E+04
674	3.009128E+04
675	3.001416E+04
676	2.989397E+04
677	2.983176E+04
678	2.970027E+04
679	2.958379E+04
680	2.946287E+04
681	2.939704E+04
682	2.929032E+04
683	2.912011E+04
684	2.897337E+04
685	2.888888E+04
686	2.877978E+04
687	2.865652E+04
688	2.855389E+04
689	2.844471E+04
690	2.837292E+04
691	2.832980E+04
692	2.819943E+04
693	2.808823E+04
694	2.791608E+04
695	2.781494E+04
696	2.773772E+04
697	2.766371E+04
698	2.750748E+04
699	2.739976E+04
700	2.729462E+04
701	2.721370E+04
702	2.709914E+04
703	2.698629E+04
704	2.681038E+04
705	2.673928E+04
706	2.669438E+04
707	2.659962E+04
708	2.652408E+04
709	2.645253E+04
710	2.636253E+04
711	2.628173E+04
712	2.622065E+04
713	2.611505E+04
714	2.599763E+04
715	2.591761E+04
716	2.581681E+04
717	2.563874E+04
718	2.551412E+04
719	2.540841E+04
720	2.526417E+04
721	2.510991E+04
722	2.500133E+04
723	2.491977E+04
724	2.481088E+04
725	2.472091E+04
726	2.457484E+04
727	2.447045E+04
728	2.436007E+04
729	2.425409E+04
730	2.417363E+04
731	2.405110E+04
732	2.395602E+04
733	2.379700E+04
734	2.369548E+04
735	2.354713E+04
736	2.345061E+04
737	2.339893E+04
738	2.332834E+04
739	2.319473E+04
740	2.309385E+04
741	2.302354E+04
742	2.298233E+04
743	2.286113E+04
744	2.276866E+04
745	2.264295E+04
746	2.252155E+04
747	2.244950E+04
748	2.242480E+04
749	2.230434E+04
750	2.218659E+04
751	2.212683E+04
752	2.201995E+04
753	2.195231E+04
754	2.188074E+04
755	2.181211E+04
756	2.171055E+04
757	2.164299E+04
758	2.155893E+04
759	2.143786E+04
760	2.132513E+04
761	2.123560E+04
762	2.113875E+04
763	2.108226E+04
764	2.100821E+04
765	2.089578E+04
766	2.081543E+04
767	2.074586E+04
768	2.064619E+04
769	2.056570E+04
770	2.042537E+04
771	2.029216E+04
772	2.019836E+04
773	2.013484E+04
774	2.002299E+04
775	1.992221E+04
776	1.984620E+04
777	1.973402E+04
778	1.963722E+04
779	1.951784E+04
780	1.940853E+04
781	1.937149E+04
782	1.922467E+04
783	1.912312E+04
784	1.899093E+04
785	1.891450E+04
786	1.886368E+04
787	1.879779E+04
788	1.869563E+04
789	1.860098E+04
790	1.851387E+04
791	1.844251E+04
792	1.837745E+04
793	1.830168E+04
794	1.823794E+04
795	1.814893E+04
796	1.806187E+04
797	1.797779E+04
798	1.791359E+04
799	1.786296E+04
800	1.779430E+04
801	1.769290E+04
802	1.755102E+04
803	1.744205E+04
804	1.735924E+04
805	1.724351E+04
806	1.720150E+04
807	1.713271E+04
808	1.708732E+04
809	1.701951E+04
810	1.691681E+04
811	1.684726E+04
812	1.674303E+04
813	1.665179E+04
814	1.654998E+04
815	1.647269E+04
816	1.640578E+04
817	1.632072E+04
818	1.627667E+04
819	1.618943E+04
820	1.610819E+04
821	1.600768E+04
822	1.592643E+04
823	1.584901E+04
824	1.577874E+04
825	1.570032E+04
826	1.558731E+04
827	1.552716E+04
828	1.543083E+04
829	1.532963E+04
830	1.523829E+04
831	1.517706E+04
832	1.510713E+04
833	1.500632E+04
834	1.495794E+04
835	1.491248E+04
836	1.486050E+04
837	1.477680E+04
838	1.469524E+04
839	1.464477E+04
840	1.454690E+04
841	1.449970E+04
842	1.444695E+04
843	1.435409E+04
844	1.429762E+04
845	1.423045E+04
846	1.415348E+04
847	1.409265E+04
848	1.400590E+04
849	1.392693E+04
850	1.386706E+04
851	1.380253E+04
852	1.372647E+04
853	1.364852E+04
854	1.358959E+04
855	1.352073E+04
856	1.345550E+04
857	1.339927E+04
858	1.333477E+04
859	1.327189E+04
860	1.320175E+04
861	1.315295E+04
862	1.307301E+04
863	1.301428E+04
864	1.296111E+04
865	1.290914E+04
866	1.285109E+04
867	1.278426E+04
868	1.273306E+04
869	1.267553E+04
870	1.260549E+04
871	1.254465E+04
872	1.249469E+04
873	1.243106E+04
874	1.237569E+04
875	1.231036E+04
876	1.226695E+04
877	1.220253E+04
878	1.215888E+04
879	1.209253E+04
880	1.202546E+04
881	1.196918E+04
882	1.192745E+04
883	1.186606E+04
884	1.181645E+04
885	1.175521E+04
886	1.169301E+04
887	1.163957E+04
888	1.158303E+04
889	1.152144E+04
890	1.146024E+04
891	1.142644E+04
892	1.137575E+04
893	1.131550E+04
894	1.124547E+04
895	1.120295E+04
896	1.117049E+04
897	1.111669E+04
898	1.106238E+04
899	1.102102E+04
900	1.095920E+04
901	1.090537E+04
902	1.084278E+04
903	1.079639E+04
904	1.075102E+04
905	1.069939E+04
906	1.065858E+04
907	1.060499E+04
908	1.056961E+04
909	1.049094E+04
910	1.045155E+04
911	1.041075E+04
912	1.035999E+04
913	1.031599E+04
914	1.027481E+04
915	1.023094E+04
916	1.019032E+04
917	1.015542E+04
918	1.011405E+04
919	1.007227E+04
920	1.004406E+04
921	1.000072E+04
922	9.952435E+03
923	9.902886E+03
924	9.874486E+03
925	9.831767E+03
926	9.782266E+03
927	9.744735E+03
928	9.697280E+03
929	9.660290E+03
930	9.610462E+03
931	9.573224E+03
932	9.526384E+03
933	9.489086E+03
934	9.453646E+03
935	9.423238E+03
936	9.384686E+03
937	9.345156E+03
938	9.309754E+03
939	9.274718E+03
940	9.242743E+03
941	9.206971E+03
942	9.172276E+03
943	9.151117E+03
944	9.115866E+03
945	9.083737E+03
946	9.044621E+03
947	9.010100E+03
948	8.978366E+03
949	8.950317E+03
950	8.914501E+03
951	8.886492E+03
952	8.852488E+03
953	8.820647E+03
954	8.792637E+03
955	8.762977E+03
956	8.736639E+03
957	8.711648E+03
958	8.671622E+03
959	8.638696E+03
960	8.610178E+03
961	8.583647E+03
962	8.552726E+03
963	8.522621E+03
964	8.491415E+03
965	8.464636E+03
966	8.436637E+03
967	8.405672E+03
968	8.377743E+03
969	8.351621E+03
970	8.322188E+03
971	8.293271E+03
972	8.269263E+03
973	8.241673E+03
974	8.215025E+03
975	8.189973E+03
976	8.163602E+03
977	8.142248E+03
978	8.118375E+03
979	8.098255E+03
980	8.076143E+03
981	8.055991E+03
982	8.035434E+03
983	8.014026E+03
984	7.995405E+03
985	7.977270E+03
986	7.956427E+03
987	7.938896E+03
988	7.922386E+03
989	7.907547E+03
990	7.893625E+03
991	7.876977E+03
992	7.860191E+03
993	7.847311E+03
994	7.835846E+03
995	7.822610E+03
996	7.810266E+03
997	7.799077E+03
998	7.789797E+03
999	7.781195E+03
