0	4.453599E+06
1	3.277402E+06
2	2.120571E+06
3	1.290887E+06
4	7.292239E+05
5	3.822223E+05
6	1.906882E+05
7	1.036372E+05
8	6.403181E+04
9	4.508489E+04
10	3.495950E+04
11	2.878810E+04
12	2.455987E+04
13	2.200270E+04
14	2.028795E+04
15	1.868553E+04
16	1.726063E+04
17	1.636858E+04
18	1.554599E+04
19	1.504734E+04
20	1.474196E+04
21	1.416314E+04
22	1.365962E+04
23	1.328414E+04
24	1.309810E+04
25	1.265643E+04
26	1.241659E+04
27	1.223062E+04
28	1.187336E+04
29	1.166960E+04
30	1.128619E+04
31	1.108085E+04
32	1.101992E+04
33	1.087398E+04
34	1.065320E+04
35	1.048261E+04
36	1.043222E+04
37	1.026036E+04
38	1.014456E+04
39	9.983333E+03
40	9.835849E+03
41	9.705199E+03
42	9.623968E+03
43	9.453364E+03
44	9.325666E+03
45	9.215381E+03
46	9.150556E+03
47	9.041360E+03
48	8.935470E+03
49	8.776921E+03
50	8.673320E+03
51	8.600543E+03
52	8.566021E+03
53	8.523113E+03
54	8.465988E+03
55	8.370514E+03
56	8.339880E+03
57	8.226779E+03
58	8.180535E+03
59	8.121449E+03
60	8.094590E+03
61	8.086766E+03
62	8.062778E+03
63	7.971338E+03
64	7.917816E+03
65	7.842664E+03
66	7.788660E+03
67	7.773355E+03
68	7.681503E+03
69	7.643593E+03
70	7.617954E+03
71	7.603795E+03
72	7.535900E+03
73	7.392291E+03
74	7.377739E+03
75	7.315547E+03
76	7.254304E+03
77	7.225065E+03
78	7.167494E+03
79	7.159008E+03
80	7.114628E+03
81	7.070521E+03
82	7.065252E+03
83	6.970532E+03
84	6.938836E+03
85	6.902304E+03
86	6.875203E+03
87	6.835399E+03
88	6.809619E+03
89	6.746514E+03
90	6.709260E+03
91	6.692720E+03
92	6.679316E+03
93	6.653061E+03
94	6.636450E+03
95	6.581801E+03
96	6.555814E+03
97	6.499081E+03
98	6.495814E+03
99	6.475188E+03
100	6.431272E+03
101	6.408332E+03
102	6.400164E+03
103	6.392224E+03
104	6.383854E+03
105	6.334815E+03
106	6.312268E+03
107	6.303858E+03
108	6.273800E+03
109	6.259130E+03
110	6.212274E+03
111	6.177238E+03
112	6.135026E+03
113	6.122574E+03
114	6.096711E+03
115	6.075806E+03
116	6.049323E+03
117	6.044265E+03
118	6.033649E+03
119	6.026056E+03
120	5.981186E+03
121	5.951266E+03
122	5.935883E+03
123	5.919107E+03
124	5.903130E+03
125	5.876188E+03
126	5.863720E+03
127	5.835515E+03
128	5.832820E+03
129	5.827941E+03
130	5.827941E+03
131	5.822121E+03
132	5.815057E+03
133	5.797211E+03
134	5.760704E+03
135	5.750044E+03
136	5.730047E+03
137	5.709896E+03
138	5.701037E+03
139	5.699999E+03
140	5.696681E+03
141	5.678500E+03
142	5.647986E+03
143	5.645542E+03
144	5.613199E+03
145	5.594840E+03
146	5.589114E+03
147	5.540179E+03
148	5.525670E+03
149	5.517596E+03
150	5.468615E+03
151	5.417859E+03
152	5.408425E+03
153	5.399130E+03
154	5.359451E+03
155	5.337372E+03
156	5.335137E+03
157	5.292866E+03
158	5.266600E+03
159	5.233079E+03
160	5.223467E+03
161	5.180123E+03
162	5.175091E+03
163	5.159643E+03
164	5.131236E+03
165	5.130110E+03
166	5.130110E+03
167	5.119391E+03
168	5.117863E+03
169	5.093801E+03
170	5.091973E+03
171	5.085034E+03
172	5.079116E+03
173	5.079116E+03
174	5.065859E+03
175	5.065859E+03
176	5.055130E+03
177	5.055104E+03
178	5.053905E+03
179	5.053217E+03
180	5.044775E+03
181	5.024281E+03
182	5.018823E+03
183	5.018510E+03
184	5.018510E+03
185	4.997148E+03
186	4.985275E+03
187	4.970402E+03
188	4.962488E+03
189	4.958959E+03
190	4.947135E+03
191	4.940968E+03
192	4.926985E+03
193	4.925402E+03
194	4.923859E+03
195	4.923804E+03
196	4.904320E+03
197	4.895818E+03
198	4.887853E+03
199	4.871464E+03
200	4.871103E+03
201	4.871103E+03
202	4.843942E+03
203	4.834915E+03
204	4.823537E+03
205	4.813301E+03
206	4.793417E+03
207	4.790988E+03
208	4.767458E+03
209	4.758960E+03
210	4.746883E+03
211	4.743297E+03
212	4.738183E+03
213	4.736423E+03
214	4.713185E+03
215	4.696088E+03
216	4.696088E+03
217	4.692504E+03
218	4.682449E+03
219	4.678803E+03
220	4.663875E+03
221	4.647703E+03
222	4.634329E+03
223	4.622047E+03
224	4.617806E+03
225	4.608825E+03
226	4.608825E+03
227	4.582033E+03
228	4.572494E+03
229	4.564608E+03
230	4.549096E+03
231	4.531943E+03
232	4.501150E+03
233	4.501064E+03
234	4.501064E+03
235	4.491952E+03
236	4.491952E+03
237	4.475597E+03
238	4.463831E+03
239	4.457138E+03
240	4.447297E+03
241	4.443410E+03
242	4.435030E+03
243	4.429792E+03
244	4.427799E+03
245	4.427799E+03
246	4.424639E+03
247	4.423166E+03
248	4.423166E+03
249	4.412358E+03
250	4.410662E+03
251	4.383542E+03
252	4.382032E+03
253	4.372874E+03
254	4.372051E+03
255	4.355962E+03
256	4.342127E+03
257	4.333873E+03
258	4.318373E+03
259	4.316516E+03
260	4.305680E+03
261	4.293623E+03
262	4.283349E+03
263	4.267169E+03
264	4.259380E+03
265	4.237560E+03
266	4.224412E+03
267	4.202875E+03
268	4.198746E+03
269	4.197193E+03
270	4.193964E+03
271	4.190878E+03
272	4.190041E+03
273	4.175428E+03
274	4.175428E+03
275	4.152046E+03
276	4.148586E+03
277	4.147642E+03
278	4.144840E+03
279	4.137794E+03
280	4.127222E+03
281	4.117848E+03
282	4.108491E+03
283	4.093780E+03
284	4.089543E+03
285	4.089543E+03
286	4.070859E+03
287	4.066674E+03
288	4.066354E+03
289	4.061722E+03
290	4.052474E+03
291	4.050575E+03
292	4.050575E+03
293	4.041770E+03
294	4.036791E+03
295	4.032668E+03
296	3.993398E+03
297	3.985759E+03
298	3.979805E+03
299	3.977440E+03
300	3.952370E+03
301	3.915053E+03
302	3.903442E+03
303	3.868024E+03
304	3.868024E+03
305	3.868024E+03
306	3.863575E+03
307	3.854376E+03
308	3.849946E+03
309	3.849946E+03
310	3.847545E+03
311	3.836173E+03
312	3.823254E+03
313	3.823254E+03
314	3.808497E+03
315	3.808497E+03
316	3.796399E+03
317	3.783554E+03
318	3.768584E+03
319	3.763819E+03
320	3.762798E+03
321	3.762570E+03
322	3.762570E+03
323	3.762366E+03
324	3.761726E+03
325	3.755332E+03
326	3.744327E+03
327	3.743301E+03
328	3.738413E+03
329	3.728132E+03
330	3.720894E+03
331	3.715295E+03
332	3.709928E+03
333	3.699593E+03
334	3.690357E+03
335	3.672236E+03
336	3.671563E+03
337	3.670009E+03
338	3.646977E+03
339	3.644777E+03
340	3.636222E+03
341	3.633632E+03
342	3.631968E+03
343	3.631968E+03
344	3.627244E+03
345	3.625580E+03
346	3.614868E+03
347	3.611521E+03
348	3.595949E+03
349	3.588381E+03
350	3.577469E+03
351	3.572976E+03
352	3.568759E+03
353	3.562324E+03
354	3.557866E+03
355	3.555620E+03
356	3.549680E+03
357	3.536796E+03
358	3.534853E+03
359	3.533790E+03
360	3.526983E+03
361	3.524678E+03
362	3.512421E+03
363	3.512362E+03
364	3.506592E+03
365	3.500456E+03
366	3.500354E+03
367	3.500354E+03
368	3.498089E+03
369	3.494393E+03
370	3.494393E+03
371	3.494393E+03
372	3.494393E+03
373	3.484524E+03
374	3.481331E+03
375	3.478552E+03
376	3.467808E+03
377	3.465392E+03
378	3.457664E+03
379	3.439721E+03
380	3.436510E+03
381	3.422555E+03
382	3.418360E+03
383	3.411324E+03
384	3.411324E+03
385	3.403341E+03
386	3.398358E+03
387	3.385493E+03
388	3.377894E+03
389	3.370705E+03
390	3.370705E+03
391	3.365596E+03
392	3.354160E+03
393	3.352749E+03
394	3.346066E+03
395	3.337922E+03
396	3.333543E+03
397	3.321347E+03
398	3.316577E+03
399	3.311651E+03
400	3.296804E+03
401	3.285785E+03
402	3.273429E+03
403	3.273429E+03
404	3.269541E+03
405	3.261181E+03
406	3.252042E+03
407	3.244529E+03
408	3.244529E+03
409	3.222692E+03
410	3.222147E+03
411	3.222147E+03
412	3.207322E+03
413	3.200744E+03
414	3.200744E+03
415	3.200149E+03
416	3.193402E+03
417	3.191353E+03
418	3.186296E+03
419	3.181392E+03
420	3.181297E+03
421	3.181156E+03
422	3.158928E+03
423	3.156830E+03
424	3.147317E+03
425	3.130093E+03
426	3.125811E+03
427	3.104923E+03
428	3.099056E+03
429	3.095393E+03
430	3.091026E+03
431	3.082176E+03
432	3.082176E+03
433	3.082176E+03
434	3.082176E+03
435	3.073285E+03
436	3.069372E+03
437	3.054715E+03
438	3.050132E+03
439	3.037039E+03
440	3.032558E+03
441	3.029745E+03
442	3.028238E+03
443	3.028075E+03
444	3.023974E+03
445	3.012913E+03
446	3.010613E+03
447	3.002159E+03
448	2.996155E+03
449	2.987552E+03
450	2.982961E+03
451	2.974805E+03
452	2.974206E+03
453	2.967766E+03
454	2.956595E+03
455	2.955776E+03
456	2.950538E+03
457	2.937743E+03
458	2.924281E+03
459	2.916964E+03
460	2.916964E+03
461	2.916964E+03
462	2.916964E+03
463	2.916738E+03
464	2.906284E+03
465	2.900800E+03
466	2.900194E+03
467	2.899583E+03
468	2.892678E+03
469	2.890216E+03
470	2.890216E+03
471	2.885594E+03
472	2.884106E+03
473	2.880942E+03
474	2.880745E+03
475	2.865201E+03
476	2.860325E+03
477	2.849709E+03
478	2.844721E+03
479	2.841475E+03
480	2.837944E+03
481	2.830551E+03
482	2.830551E+03
483	2.817236E+03
484	2.811097E+03
485	2.809554E+03
486	2.805756E+03
487	2.802570E+03
488	2.802384E+03
489	2.797931E+03
490	2.797931E+03
491	2.784663E+03
492	2.779644E+03
493	2.779644E+03
494	2.777855E+03
495	2.768650E+03
496	2.765204E+03
497	2.758636E+03
498	2.754738E+03
499	2.746378E+03
500	2.740802E+03
501	2.733206E+03
502	2.729606E+03
503	2.726040E+03
504	2.723853E+03
505	2.716077E+03
506	2.709869E+03
507	2.708935E+03
508	2.703718E+03
509	2.696144E+03
510	2.692068E+03
511	2.672647E+03
512	2.662501E+03
513	2.662501E+03
514	2.658604E+03
515	2.653621E+03
516	2.645434E+03
517	2.639490E+03
518	2.636058E+03
519	2.629586E+03
520	2.625314E+03
521	2.617970E+03
522	2.617657E+03
523	2.617051E+03
524	2.613890E+03
525	2.612825E+03
526	2.611234E+03
527	2.609664E+03
528	2.601667E+03
529	2.601512E+03
530	2.595087E+03
531	2.589153E+03
532	2.588113E+03
533	2.585419E+03
534	2.579673E+03
535	2.578962E+03
536	2.570492E+03
537	2.569036E+03
538	2.558931E+03
539	2.554590E+03
540	2.553711E+03
541	2.552369E+03
542	2.550892E+03
543	2.549499E+03
544	2.546456E+03
545	2.538506E+03
546	2.537319E+03
547	2.536612E+03
548	2.528512E+03
549	2.526510E+03
550	2.525358E+03
551	2.518443E+03
552	2.518443E+03
553	2.514653E+03
554	2.513747E+03
555	2.509992E+03
556	2.503285E+03
557	2.497431E+03
558	2.494320E+03
559	2.489016E+03
560	2.488581E+03
561	2.486592E+03
562	2.485594E+03
563	2.483684E+03
564	2.482859E+03
565	2.480319E+03
566	2.470184E+03
567	2.464553E+03
568	2.464553E+03
569	2.461231E+03
570	2.453955E+03
571	2.450172E+03
572	2.450172E+03
573	2.448393E+03
574	2.445590E+03
575	2.441485E+03
576	2.432602E+03
577	2.431479E+03
578	2.430416E+03
579	2.430375E+03
580	2.427678E+03
581	2.424577E+03
582	2.421118E+03
583	2.413958E+03
584	2.412316E+03
585	2.406805E+03
586	2.399183E+03
587	2.393732E+03
588	2.387808E+03
589	2.384870E+03
590	2.383678E+03
591	2.380311E+03
592	2.378429E+03
593	2.375127E+03
594	2.370561E+03
595	2.365231E+03
596	2.363226E+03
597	2.362611E+03
598	2.352224E+03
599	2.341656E+03
600	2.338417E+03
601	2.335966E+03
602	2.334726E+03
603	2.333448E+03
604	2.332533E+03
605	2.326593E+03
606	2.312830E+03
607	2.303877E+03
608	2.300534E+03
609	2.299239E+03
610	2.299239E+03
611	2.294079E+03
612	2.288650E+03
613	2.285643E+03
614	2.282212E+03
615	2.278975E+03
616	2.275846E+03
617	2.275470E+03
618	2.274521E+03
619	2.267317E+03
620	2.264113E+03
621	2.257458E+03
622	2.253838E+03
623	2.252129E+03
624	2.251331E+03
625	2.244274E+03
626	2.237329E+03
627	2.233529E+03
628	2.229610E+03
629	2.224276E+03
630	2.217219E+03
631	2.215698E+03
632	2.214766E+03
633	2.205176E+03
634	2.203568E+03
635	2.200044E+03
636	2.190812E+03
637	2.190812E+03
638	2.190667E+03
639	2.184991E+03
640	2.184048E+03
641	2.174399E+03
642	2.167645E+03
643	2.166482E+03
644	2.161971E+03
645	2.157545E+03
646	2.157413E+03
647	2.156356E+03
648	2.152908E+03
649	2.150112E+03
650	2.147329E+03
651	2.143577E+03
652	2.136746E+03
653	2.132130E+03
654	2.131788E+03
655	2.130714E+03
656	2.130714E+03
657	2.126822E+03
658	2.124638E+03
659	2.121980E+03
660	2.119053E+03
661	2.113959E+03
662	2.110108E+03
663	2.108124E+03
664	2.102817E+03
665	2.095857E+03
666	2.093774E+03
667	2.092932E+03
668	2.087789E+03
669	2.084398E+03
670	2.075691E+03
671	2.072842E+03
672	2.064809E+03
673	2.064082E+03
674	2.055956E+03
675	2.048594E+03
676	2.046450E+03
677	2.043136E+03
678	2.043074E+03
679	2.037871E+03
680	2.036251E+03
681	2.033306E+03
682	2.030643E+03
683	2.026695E+03
684	2.018966E+03
685	2.013385E+03
686	2.012017E+03
687	2.008840E+03
688	2.008196E+03
689	2.007786E+03
690	2.005916E+03
691	2.005181E+03
692	2.000990E+03
693	1.999643E+03
694	1.994956E+03
695	1.994763E+03
696	1.993696E+03
697	1.991434E+03
698	1.989308E+03
699	1.986326E+03
700	1.985603E+03
701	1.978689E+03
702	1.975731E+03
703	1.973912E+03
704	1.973365E+03
705	1.972431E+03
706	1.968324E+03
707	1.968178E+03
708	1.966681E+03
709	1.961733E+03
710	1.960509E+03
711	1.959627E+03
712	1.954892E+03
713	1.952622E+03
714	1.946568E+03
715	1.940942E+03
716	1.937081E+03
717	1.934571E+03
718	1.931676E+03
719	1.928064E+03
720	1.925502E+03
721	1.923299E+03
722	1.922309E+03
723	1.918767E+03
724	1.916953E+03
725	1.914049E+03
726	1.906080E+03
727	1.903396E+03
728	1.903236E+03
729	1.901843E+03
730	1.898815E+03
731	1.893834E+03
732	1.892792E+03
733	1.885538E+03
734	1.882545E+03
735	1.880684E+03
736	1.876011E+03
737	1.873411E+03
738	1.863937E+03
739	1.853570E+03
740	1.834705E+03
741	1.833628E+03
742	1.830634E+03
743	1.824886E+03
744	1.818299E+03
745	1.808903E+03
746	1.806207E+03
747	1.801337E+03
748	1.798279E+03
749	1.792796E+03
750	1.790176E+03
751	1.785468E+03
752	1.785468E+03
753	1.782051E+03
754	1.780353E+03
755	1.777582E+03
756	1.772808E+03
757	1.768418E+03
758	1.765768E+03
759	1.762830E+03
760	1.760368E+03
761	1.755121E+03
762	1.751136E+03
763	1.746707E+03
764	1.745323E+03
765	1.742378E+03
766	1.742366E+03
767	1.736447E+03
768	1.734887E+03
769	1.732300E+03
770	1.731317E+03
771	1.727803E+03
772	1.725074E+03
773	1.724265E+03
774	1.722065E+03
775	1.720042E+03
776	1.717743E+03
777	1.715974E+03
778	1.712032E+03
779	1.709282E+03
780	1.707010E+03
781	1.706653E+03
782	1.703864E+03
783	1.701274E+03
784	1.699006E+03
785	1.695209E+03
786	1.690643E+03
787	1.685834E+03
788	1.684540E+03
789	1.679662E+03
790	1.679262E+03
791	1.677950E+03
792	1.674212E+03
793	1.671082E+03
794	1.668700E+03
795	1.664512E+03
796	1.662990E+03
797	1.661779E+03
798	1.659907E+03
799	1.657190E+03
800	1.654413E+03
801	1.650073E+03
802	1.646767E+03
803	1.643861E+03
804	1.643063E+03
805	1.639793E+03
806	1.637491E+03
807	1.634787E+03
808	1.632362E+03
809	1.629807E+03
810	1.628405E+03
811	1.622444E+03
812	1.620227E+03
813	1.617526E+03
814	1.617256E+03
815	1.616613E+03
816	1.614513E+03
817	1.613565E+03
818	1.608162E+03
819	1.606311E+03
820	1.603553E+03
821	1.600592E+03
822	1.598588E+03
823	1.595514E+03
824	1.591934E+03
825	1.590478E+03
826	1.588415E+03
827	1.588107E+03
828	1.586523E+03
829	1.582228E+03
830	1.578545E+03
831	1.577004E+03
832	1.574141E+03
833	1.572655E+03
834	1.567474E+03
835	1.566627E+03
836	1.564099E+03
837	1.563098E+03
838	1.562252E+03
839	1.561194E+03
840	1.560126E+03
841	1.556896E+03
842	1.556001E+03
843	1.554038E+03
844	1.551556E+03
845	1.547277E+03
846	1.545974E+03
847	1.543892E+03
848	1.543030E+03
849	1.540443E+03
850	1.537558E+03
851	1.536600E+03
852	1.535776E+03
853	1.534542E+03
854	1.533389E+03
855	1.529228E+03
856	1.527984E+03
857	1.525414E+03
858	1.523812E+03
859	1.521062E+03
860	1.519908E+03
861	1.517885E+03
862	1.514881E+03
863	1.514329E+03
864	1.511129E+03
865	1.510156E+03
866	1.508427E+03
867	1.506683E+03
868	1.504555E+03
869	1.502595E+03
870	1.500117E+03
871	1.498656E+03
872	1.497735E+03
873	1.495866E+03
874	1.494913E+03
875	1.493366E+03
876	1.491619E+03
877	1.489178E+03
878	1.487289E+03
879	1.486775E+03
880	1.485842E+03
881	1.484561E+03
882	1.481766E+03
883	1.480608E+03
884	1.480196E+03
885	1.479060E+03
886	1.477791E+03
887	1.476565E+03
888	1.475371E+03
889	1.473646E+03
890	1.471528E+03
891	1.468890E+03
892	1.466650E+03
893	1.465264E+03
894	1.464717E+03
895	1.464472E+03
896	1.463179E+03
897	1.461825E+03
898	1.460637E+03
899	1.459384E+03
900	1.457495E+03
901	1.454824E+03
902	1.453510E+03
903	1.452144E+03
904	1.450427E+03
905	1.448748E+03
906	1.446942E+03
907	1.445815E+03
908	1.444118E+03
909	1.443528E+03
910	1.442172E+03
911	1.441670E+03
912	1.441142E+03
913	1.439978E+03
914	1.438658E+03
915	1.436536E+03
916	1.435651E+03
917	1.434050E+03
918	1.432219E+03
919	1.430231E+03
920	1.429125E+03
921	1.428065E+03
922	1.426845E+03
923	1.425149E+03
924	1.424384E+03
925	1.422371E+03
926	1.420867E+03
927	1.419631E+03
928	1.418350E+03
929	1.417295E+03
930	1.416068E+03
931	1.414726E+03
932	1.413460E+03
933	1.411433E+03
934	1.409016E+03
935	1.407752E+03
936	1.406194E+03
937	1.404626E+03
938	1.403244E+03
939	1.401929E+03
940	1.400767E+03
941	1.399434E+03
942	1.397936E+03
943	1.396288E+03
944	1.395037E+03
945	1.393796E+03
946	1.392006E+03
947	1.390946E+03
948	1.389636E+03
949	1.388783E+03
950	1.388059E+03
951	1.386543E+03
952	1.385362E+03
953	1.383971E+03
954	1.382974E+03
955	1.381997E+03
956	1.381031E+03
957	1.379506E+03
958	1.377785E+03
959	1.376924E+03
960	1.375497E+03
961	1.374592E+03
962	1.373571E+03
963	1.372369E+03
964	1.370936E+03
965	1.370320E+03
966	1.369369E+03
967	1.368121E+03
968	1.367050E+03
969	1.366080E+03
970	1.364744E+03
971	1.363586E+03
972	1.362454E+03
973	1.361309E+03
974	1.360250E+03
975	1.358992E+03
976	1.358106E+03
977	1.357058E+03
978	1.355842E+03
979	1.354906E+03
980	1.353781E+03
981	1.352751E+03
982	1.351680E+03
983	1.350485E+03
984	1.349374E+03
985	1.348274E+03
986	1.347327E+03
987	1.346084E+03
988	1.345044E+03
989	1.343885E+03
990	1.342984E+03
991	1.341934E+03
992	1.340874E+03
993	1.339683E+03
994	1.338866E+03
995	1.337946E+03
996	1.336919E+03
997	1.335943E+03
998	1.335016E+03
999	1.334264E+03
