0	9.076648E+02
1	1.982669E+02
2	7.132518E+01
3	2.959886E+01
4	1.732699E+01
5	1.150915E+01
6	6.513838E+00
7	4.876582E+00
8	3.380830E+00
9	2.503613E+00
10	1.911178E+00
11	1.157537E+00
12	9.238514E-01
13	7.333441E-01
14	6.740343E-01
15	6.261836E-01
16	5.544691E-01
17	5.079253E-01
18	4.474741E-01
19	3.954670E-01
20	3.566754E-01
21	3.281806E-01
22	3.078256E-01
23	2.968893E-01
24	2.828936E-01
25	2.499787E-01
26	2.361967E-01
27	2.105397E-01
28	1.960828E-01
29	1.897893E-01
30	1.772187E-01
31	1.750630E-01
32	1.649700E-01
33	1.606425E-01
34	1.585485E-01
35	1.556274E-01
36	1.540577E-01
37	1.397071E-01
38	1.380037E-01
39	1.337126E-01
40	1.296865E-01
41	1.253806E-01
42	1.225973E-01
43	1.216064E-01
44	1.098441E-01
45	1.043761E-01
46	1.022736E-01
47	9.986443E-02
48	9.121307E-02
49	8.731879E-02
50	8.677542E-02
51	8.401095E-02
52	8.368872E-02
53	8.134512E-02
54	8.035252E-02
55	7.628667E-02
56	7.602027E-02
57	7.526139E-02
58	7.526139E-02
59	7.526139E-02
60	7.043997E-02
61	6.945449E-02
62	6.945449E-02
63	6.866305E-02
64	6.622565E-02
65	6.584507E-02
66	6.415976E-02
67	6.017148E-02
68	5.932735E-02
69	5.783255E-02
70	5.730002E-02
71	5.730002E-02
72	5.730002E-02
73	5.600940E-02
74	5.600940E-02
75	5.600940E-02
76	5.559440E-02
77	5.540076E-02
78	5.376784E-02
79	5.113372E-02
80	5.089533E-02
81	4.953387E-02
82	4.949410E-02
83	4.949410E-02
84	4.949410E-02
85	4.908232E-02
86	4.897332E-02
87	4.554198E-02
88	4.554198E-02
89	4.531058E-02
90	4.487374E-02
91	4.487374E-02
92	4.484266E-02
93	4.484266E-02
94	4.415854E-02
95	4.408311E-02
96	4.397745E-02
97	4.357000E-02
98	4.357000E-02
99	4.357000E-02
100	4.271819E-02
101	4.251880E-02
102	4.251880E-02
103	4.251880E-02
104	4.251880E-02
105	4.219609E-02
106	4.182788E-02
107	4.120019E-02
108	4.087803E-02
109	4.017598E-02
110	4.017598E-02
111	3.992327E-02
112	3.987169E-02
113	3.987169E-02
114	3.951736E-02
115	3.951477E-02
116	3.908449E-02
117	3.884333E-02
118	3.850490E-02
119	3.821895E-02
120	3.715248E-02
121	3.715248E-02
122	3.512058E-02
123	3.437444E-02
124	3.378231E-02
125	3.347029E-02
126	3.347029E-02
127	3.347029E-02
128	3.347029E-02
129	3.347029E-02
130	3.347029E-02
131	3.347029E-02
132	3.347029E-02
133	3.347029E-02
134	3.271616E-02
135	3.271616E-02
136	3.271616E-02
137	3.206335E-02
138	3.043932E-02
139	3.022107E-02
140	3.022107E-02
141	3.017074E-02
142	2.964689E-02
143	2.964689E-02
144	2.964689E-02
145	2.964689E-02
146	2.964689E-02
147	2.964689E-02
148	2.892936E-02
149	2.885933E-02
150	2.812074E-02
151	2.812074E-02
152	2.781903E-02
153	2.775193E-02
154	2.774461E-02
155	2.753436E-02
156	2.753436E-02
157	2.740908E-02
158	2.740908E-02
159	2.740812E-02
160	2.717132E-02
161	2.717132E-02
162	2.717132E-02
163	2.717132E-02
164	2.676276E-02
165	2.671903E-02
166	2.562134E-02
167	2.544562E-02
168	2.380468E-02
169	2.371986E-02
170	2.370733E-02
171	2.323618E-02
172	2.295257E-02
173	2.295257E-02
174	2.295257E-02
175	2.295257E-02
176	2.256682E-02
177	2.241563E-02
178	2.237286E-02
179	2.237286E-02
180	2.219484E-02
181	2.177323E-02
182	2.177323E-02
183	2.175848E-02
184	2.168875E-02
185	2.137531E-02
186	2.079001E-02
187	2.067745E-02
188	1.995429E-02
189	1.995429E-02
190	1.995429E-02
191	1.985903E-02
192	1.900693E-02
193	1.900693E-02
194	1.900693E-02
195	1.879965E-02
196	1.812552E-02
197	1.755199E-02
198	1.755199E-02
199	1.755199E-02
200	1.755199E-02
201	1.755199E-02
202	1.751704E-02
203	1.751704E-02
204	1.751704E-02
205	1.602080E-02
206	1.507542E-02
207	1.507542E-02
208	1.489464E-02
209	1.489464E-02
210	1.410204E-02
211	1.410204E-02
212	1.380358E-02
213	1.361466E-02
214	1.275765E-02
215	1.275765E-02
216	1.258922E-02
217	1.258922E-02
218	1.258922E-02
219	1.258922E-02
220	1.258922E-02
221	1.224022E-02
222	1.209418E-02
223	1.209418E-02
224	1.197632E-02
225	1.197632E-02
226	1.153886E-02
227	1.153886E-02
228	1.153886E-02
229	1.153517E-02
230	1.146140E-02
231	1.135441E-02
232	1.135441E-02
233	1.084889E-02
234	1.084889E-02
235	1.079371E-02
236	1.073124E-02
237	1.073124E-02
238	1.068853E-02
239	1.060988E-02
240	1.060988E-02
241	1.060988E-02
242	1.060988E-02
243	1.060988E-02
244	1.060988E-02
245	1.056365E-02
246	1.036974E-02
247	1.036974E-02
248	1.036629E-02
249	1.036629E-02
250	1.036629E-02
251	1.036629E-02
252	1.036629E-02
253	1.036629E-02
254	1.036629E-02
255	1.036629E-02
256	1.036629E-02
257	1.033788E-02
258	1.033788E-02
259	1.029616E-02
260	1.029616E-02
261	1.018403E-02
262	1.006948E-02
263	1.006948E-02
264	9.895960E-03
265	9.690506E-03
266	9.575104E-03
267	9.575104E-03
268	9.484258E-03
269	9.288609E-03
270	9.183769E-03
271	9.183769E-03
272	9.143447E-03
273	8.980004E-03
274	8.980004E-03
275	8.980004E-03
276	8.980004E-03
277	8.967741E-03
278	8.620772E-03
279	8.620772E-03
280	8.620772E-03
281	8.620772E-03
282	8.553700E-03
283	8.553700E-03
284	8.553700E-03
285	8.553700E-03
286	8.542655E-03
287	8.542655E-03
288	8.516990E-03
289	8.516990E-03
290	8.356012E-03
291	8.336451E-03
292	8.336451E-03
293	8.336451E-03
294	8.319355E-03
295	8.319355E-03
296	8.319355E-03
297	8.286415E-03
298	8.286415E-03
299	8.286415E-03
300	8.282412E-03
301	8.268560E-03
302	8.268560E-03
303	8.268560E-03
304	8.268560E-03
305	8.085168E-03
306	8.085168E-03
307	8.085168E-03
308	8.085168E-03
309	8.085168E-03
310	8.076017E-03
311	8.038352E-03
312	8.038352E-03
313	8.038352E-03
314	7.830812E-03
315	7.830812E-03
316	7.830812E-03
317	7.756057E-03
318	7.756057E-03
319	7.756057E-03
320	7.756057E-03
321	7.756057E-03
322	7.756057E-03
323	7.712755E-03
324	7.712755E-03
325	7.712755E-03
326	7.712755E-03
327	7.712755E-03
328	7.443255E-03
329	7.443255E-03
330	7.443255E-03
331	7.443255E-03
332	7.443255E-03
333	7.410530E-03
334	7.410530E-03
335	7.410360E-03
336	7.393515E-03
337	7.393515E-03
338	7.379623E-03
339	7.379623E-03
340	7.379623E-03
341	7.379623E-03
342	7.332765E-03
343	7.332765E-03
344	7.332765E-03
345	7.332765E-03
346	7.332765E-03
347	7.332765E-03
348	7.325394E-03
349	7.317641E-03
350	7.317641E-03
351	7.317641E-03
352	7.271703E-03
353	7.191439E-03
354	7.191439E-03
355	7.086125E-03
356	6.896820E-03
357	6.896820E-03
358	6.896820E-03
359	6.871329E-03
360	6.871329E-03
361	6.721173E-03
362	6.720202E-03
363	6.685839E-03
364	6.685839E-03
365	6.685839E-03
366	6.685839E-03
367	6.685839E-03
368	6.591624E-03
369	6.591624E-03
370	6.522851E-03
371	6.522851E-03
372	6.522851E-03
373	6.517542E-03
374	6.449443E-03
375	6.449443E-03
376	6.398382E-03
377	6.398382E-03
378	6.398382E-03
379	6.207066E-03
380	6.207066E-03
381	6.207066E-03
382	6.052612E-03
383	6.049271E-03
384	6.049271E-03
385	6.049271E-03
386	6.049271E-03
387	6.049271E-03
388	5.979564E-03
389	5.979564E-03
390	5.979564E-03
391	5.901371E-03
392	5.890653E-03
393	5.890653E-03
394	5.870082E-03
395	5.870082E-03
396	5.870082E-03
397	5.870082E-03
398	5.870082E-03
399	5.725244E-03
400	5.637512E-03
401	5.637512E-03
402	5.406193E-03
403	5.406193E-03
404	5.406193E-03
405	5.406193E-03
406	5.406193E-03
407	5.382662E-03
408	5.382662E-03
409	5.382662E-03
410	5.382662E-03
411	5.382662E-03
412	5.382662E-03
413	5.382662E-03
414	5.382662E-03
415	5.371634E-03
416	5.256534E-03
417	5.197323E-03
418	5.122786E-03
419	5.122786E-03
420	5.122786E-03
421	5.122786E-03
422	5.122786E-03
423	5.122786E-03
424	5.122786E-03
425	5.105063E-03
426	5.105063E-03
427	5.088617E-03
428	5.076500E-03
429	5.026892E-03
430	5.026892E-03
431	5.026892E-03
432	4.986857E-03
433	4.986857E-03
434	4.986857E-03
435	4.986857E-03
436	4.986857E-03
437	4.963933E-03
438	4.963933E-03
439	4.893487E-03
440	4.893487E-03
441	4.893487E-03
442	4.893487E-03
443	4.893487E-03
444	4.893487E-03
445	4.893487E-03
446	4.837334E-03
447	4.837334E-03
448	4.837334E-03
449	4.762331E-03
450	4.760214E-03
451	4.760214E-03
452	4.760214E-03
453	4.760214E-03
454	4.760214E-03
455	4.760214E-03
456	4.741040E-03
457	4.741040E-03
458	4.741040E-03
459	4.452711E-03
460	4.313423E-03
461	4.127945E-03
462	4.127945E-03
463	4.082671E-03
464	4.082671E-03
465	4.082671E-03
466	4.082671E-03
467	4.082671E-03
468	4.082671E-03
469	4.082671E-03
470	4.082671E-03
471	4.082671E-03
472	4.082671E-03
473	4.082671E-03
474	4.046133E-03
475	4.046133E-03
476	4.012294E-03
477	4.012294E-03
478	3.847068E-03
479	3.847068E-03
480	3.847068E-03
481	3.847068E-03
482	3.834797E-03
483	3.826675E-03
484	3.826675E-03
485	3.826675E-03
486	3.826675E-03
487	3.809605E-03
488	3.809605E-03
489	3.809605E-03
490	3.809605E-03
491	3.809605E-03
492	3.809605E-03
493	3.809605E-03
494	3.793535E-03
495	3.793535E-03
496	3.793535E-03
497	3.793535E-03
498	3.776933E-03
499	3.776933E-03
500	3.743834E-03
501	3.739088E-03
502	3.739088E-03
503	3.732329E-03
504	3.732329E-03
505	3.732329E-03
506	3.732329E-03
507	3.732329E-03
508	3.732329E-03
509	3.732329E-03
510	3.732329E-03
511	3.732329E-03
512	3.732329E-03
513	3.731402E-03
514	3.731402E-03
515	3.731402E-03
516	3.728368E-03
517	3.629350E-03
518	3.629350E-03
519	3.629350E-03
520	3.625474E-03
521	3.625474E-03
522	3.625474E-03
523	3.550455E-03
524	3.550455E-03
525	3.550455E-03
526	3.481453E-03
527	3.414941E-03
528	3.414941E-03
529	3.414941E-03
530	3.414941E-03
531	3.414941E-03
532	3.414941E-03
533	3.414941E-03
534	3.350795E-03
535	3.349098E-03
536	3.349098E-03
537	3.349098E-03
538	3.334230E-03
539	3.334230E-03
540	3.331945E-03
541	3.257681E-03
542	3.237394E-03
543	3.237394E-03
544	3.237394E-03
545	3.237394E-03
546	3.235184E-03
547	3.235184E-03
548	3.193741E-03
549	3.193741E-03
550	3.193741E-03
551	3.193741E-03
552	3.193741E-03
553	3.193741E-03
554	3.078814E-03
555	3.078814E-03
556	3.078814E-03
557	3.078814E-03
558	3.078814E-03
559	3.078814E-03
560	3.078814E-03
561	3.078814E-03
562	3.078814E-03
563	3.078814E-03
564	3.078814E-03
565	3.007359E-03
566	3.007359E-03
567	3.007359E-03
568	2.883246E-03
569	2.869083E-03
570	2.869083E-03
571	2.667204E-03
572	2.667204E-03
573	2.667204E-03
574	2.583152E-03
575	2.548509E-03
576	2.548509E-03
577	2.548509E-03
578	2.548509E-03
579	2.548509E-03
580	2.506256E-03
581	2.506256E-03
582	2.506256E-03
583	2.506256E-03
584	2.506256E-03
585	2.452609E-03
586	2.452359E-03
587	2.410450E-03
588	2.410450E-03
589	2.410450E-03
590	2.410450E-03
591	2.410450E-03
592	2.410450E-03
593	2.407543E-03
594	2.407543E-03
595	2.407543E-03
596	2.391274E-03
597	2.391274E-03
598	2.391274E-03
599	2.391274E-03
600	2.391274E-03
601	2.391274E-03
602	2.368865E-03
603	2.368865E-03
604	2.363543E-03
605	2.363543E-03
606	2.346266E-03
607	2.346266E-03
608	2.345385E-03
609	2.345385E-03
610	2.311914E-03
611	2.278972E-03
612	2.278972E-03
613	2.278972E-03
614	2.264317E-03
615	2.264317E-03
616	2.264317E-03
617	2.199234E-03
618	2.179986E-03
619	2.179986E-03
620	2.179986E-03
621	2.116938E-03
622	2.116938E-03
623	2.109566E-03
624	2.109566E-03
625	2.109566E-03
626	2.109566E-03
627	2.109566E-03
628	2.109566E-03
629	2.109566E-03
630	2.109566E-03
631	2.109566E-03
632	2.109566E-03
633	2.109566E-03
634	2.091207E-03
635	2.066916E-03
636	2.060773E-03
637	2.060773E-03
638	2.060773E-03
639	2.060773E-03
640	2.060773E-03
641	2.054508E-03
642	2.054508E-03
643	2.054508E-03
644	2.054508E-03
645	2.054508E-03
646	2.029729E-03
647	2.029729E-03
648	2.020621E-03
649	2.020621E-03
650	1.963080E-03
651	1.941041E-03
652	1.924269E-03
653	1.924269E-03
654	1.905644E-03
655	1.905644E-03
656	1.905644E-03
657	1.905644E-03
658	1.905644E-03
659	1.835875E-03
660	1.835875E-03
661	1.835875E-03
662	1.835875E-03
663	1.818239E-03
664	1.818239E-03
665	1.818239E-03
666	1.818239E-03
667	1.818239E-03
668	1.818239E-03
669	1.818239E-03
670	1.810943E-03
671	1.810943E-03
672	1.810943E-03
673	1.810943E-03
674	1.792595E-03
675	1.792595E-03
676	1.773254E-03
677	1.773254E-03
678	1.773051E-03
679	1.773051E-03
680	1.773051E-03
681	1.760365E-03
682	1.760365E-03
683	1.646699E-03
684	1.628749E-03
685	1.600760E-03
686	1.600760E-03
687	1.600760E-03
688	1.600760E-03
689	1.562485E-03
690	1.559778E-03
691	1.559778E-03
692	1.558915E-03
693	1.558915E-03
694	1.558915E-03
695	1.547912E-03
696	1.523688E-03
697	1.523688E-03
698	1.523688E-03
699	1.523688E-03
700	1.518331E-03
701	1.518331E-03
702	1.518331E-03
703	1.518331E-03
704	1.518331E-03
705	1.518331E-03
706	1.518331E-03
707	1.518331E-03
708	1.516742E-03
709	1.516742E-03
710	1.516742E-03
711	1.516742E-03
712	1.516280E-03
713	1.507036E-03
714	1.507036E-03
715	1.507036E-03
716	1.507036E-03
717	1.507036E-03
718	1.463330E-03
719	1.463330E-03
720	1.463330E-03
721	1.456098E-03
722	1.431507E-03
723	1.431507E-03
724	1.431507E-03
725	1.424298E-03
726	1.424298E-03
727	1.424298E-03
728	1.423435E-03
729	1.423435E-03
730	1.423435E-03
731	1.423435E-03
732	1.408419E-03
733	1.408419E-03
734	1.408419E-03
735	1.408419E-03
736	1.392374E-03
737	1.392374E-03
738	1.392374E-03
739	1.392374E-03
740	1.342759E-03
741	1.342759E-03
742	1.342759E-03
743	1.342759E-03
744	1.342759E-03
745	1.342759E-03
746	1.342759E-03
747	1.342166E-03
748	1.342166E-03
749	1.342166E-03
750	1.342166E-03
751	1.340716E-03
752	1.289904E-03
753	1.283647E-03
754	1.272222E-03
755	1.272222E-03
756	1.272222E-03
757	1.257496E-03
758	1.257496E-03
759	1.257496E-03
760	1.250205E-03
761	1.248806E-03
762	1.248806E-03
763	1.230142E-03
764	1.230142E-03
765	1.230142E-03
766	1.213686E-03
767	1.207716E-03
768	1.188677E-03
769	1.188677E-03
770	1.153248E-03
771	1.147180E-03
772	1.146896E-03
773	1.134739E-03
774	1.134739E-03
775	1.134739E-03
776	1.134739E-03
777	1.134739E-03
778	1.127327E-03
779	1.119419E-03
780	1.119419E-03
781	1.119419E-03
782	1.119419E-03
783	1.119419E-03
784	1.103540E-03
785	1.103540E-03
786	1.097747E-03
787	1.097747E-03
788	1.097747E-03
789	1.097747E-03
790	1.097747E-03
791	1.085683E-03
792	1.056438E-03
793	1.056438E-03
794	1.056438E-03
795	1.056438E-03
796	1.056438E-03
797	1.050428E-03
798	1.050428E-03
799	1.050428E-03
800	1.042429E-03
801	1.042429E-03
802	1.042429E-03
803	1.042429E-03
804	9.999941E-04
805	9.957862E-04
806	9.957862E-04
807	9.849549E-04
808	9.752088E-04
809	9.606085E-04
810	9.606085E-04
811	9.523971E-04
812	9.513144E-04
813	9.276351E-04
814	9.211701E-04
815	8.985181E-04
816	8.915816E-04
817	8.883662E-04
818	8.788613E-04
819	8.302719E-04
820	8.302719E-04
821	8.200477E-04
822	8.200477E-04
823	8.200477E-04
824	7.746523E-04
825	7.682945E-04
826	7.682945E-04
827	7.559479E-04
828	7.559479E-04
829	7.484084E-04
830	7.484084E-04
831	7.464674E-04
832	6.956407E-04
833	6.956407E-04
834	6.956407E-04
835	6.845368E-04
836	6.845368E-04
837	6.845368E-04
838	6.845368E-04
839	6.845368E-04
840	6.845368E-04
841	6.845368E-04
842	6.845368E-04
843	6.845368E-04
844	6.845368E-04
845	6.845368E-04
846	6.626946E-04
847	6.626946E-04
848	6.626946E-04
849	6.626946E-04
850	6.626946E-04
851	6.613414E-04
852	6.613414E-04
853	6.613414E-04
854	6.613414E-04
855	6.613414E-04
856	6.613414E-04
857	6.493908E-04
858	6.493908E-04
859	6.493908E-04
860	6.286050E-04
861	6.254434E-04
862	6.234972E-04
863	6.234972E-04
864	6.234972E-04
865	5.968192E-04
866	5.928058E-04
867	5.876032E-04
868	5.876032E-04
869	5.805738E-04
870	5.560975E-04
871	5.560975E-04
872	5.534833E-04
873	5.534833E-04
874	5.430226E-04
875	5.430226E-04
876	5.430226E-04
877	5.414592E-04
878	5.399373E-04
879	5.382469E-04
880	5.382469E-04
881	5.382469E-04
882	5.382469E-04
883	5.338433E-04
884	5.273864E-04
885	5.273864E-04
886	5.273864E-04
887	5.053159E-04
888	5.003525E-04
889	5.003525E-04
890	4.874131E-04
891	4.874131E-04
892	4.874131E-04
893	4.852999E-04
894	4.724549E-04
895	4.724549E-04
896	4.724549E-04
897	4.544377E-04
898	4.473170E-04
899	4.470423E-04
900	4.470423E-04
901	4.436023E-04
902	4.424172E-04
903	4.253905E-04
904	4.070490E-04
905	4.070490E-04
906	4.037969E-04
907	4.037969E-04
908	4.037969E-04
909	4.030859E-04
910	4.030859E-04
911	4.017606E-04
912	3.961338E-04
913	3.884143E-04
914	3.884143E-04
915	3.884143E-04
916	3.814364E-04
917	3.814364E-04
918	3.814364E-04
919	3.814364E-04
920	3.814364E-04
921	3.810931E-04
922	3.773165E-04
923	3.773165E-04
924	3.645464E-04
925	3.556902E-04
926	3.543247E-04
927	3.446235E-04
928	3.445350E-04
929	3.445350E-04
930	3.399981E-04
931	3.349217E-04
932	3.325426E-04
933	3.324707E-04
934	3.324707E-04
935	3.233922E-04
936	3.233922E-04
937	3.233922E-04
938	3.166542E-04
939	3.166542E-04
940	3.166542E-04
941	3.124976E-04
942	2.939214E-04
943	2.900914E-04
944	2.875766E-04
945	2.863727E-04
946	2.834330E-04
947	2.832732E-04
948	2.641593E-04
949	2.641593E-04
950	2.609161E-04
951	2.597000E-04
952	2.446617E-04
953	2.422359E-04
954	2.410662E-04
955	2.317882E-04
956	2.258373E-04
957	2.194421E-04
958	2.069540E-04
959	1.967414E-04
960	1.917164E-04
961	1.917164E-04
962	1.910511E-04
963	1.790801E-04
964	1.756393E-04
965	1.712370E-04
966	1.579157E-04
967	1.564226E-04
968	1.549742E-04
969	1.391914E-04
970	1.324374E-04
971	1.314803E-04
972	1.314803E-04
973	1.314803E-04
974	1.314803E-04
975	1.307740E-04
976	1.294112E-04
977	1.257352E-04
978	1.224812E-04
979	1.128939E-04
980	1.057382E-04
981	9.819875E-05
982	9.207784E-05
983	8.917893E-05
984	8.818888E-05
985	8.404802E-05
986	7.778133E-05
987	7.372436E-05
988	7.108122E-05
989	6.938991E-05
990	6.778410E-05
991	6.044828E-05
992	5.580828E-05
993	5.290040E-05
994	4.959955E-05
995	4.509828E-05
996	4.081126E-05
997	3.623805E-05
998	3.374822E-05
999	3.023846E-05
