0	1.337110E+00
1	6.311078E-01
2	3.362388E-01
3	1.812012E-01
4	1.037056E-01
5	6.337591E-02
6	4.528190E-02
7	2.710173E-02
8	1.873162E-02
9	1.402703E-02
10	1.272537E-02
11	1.143156E-02
12	1.056531E-02
13	9.055339E-03
14	8.759011E-03
15	8.586209E-03
16	8.422603E-03
17	8.021013E-03
18	7.365195E-03
19	7.325721E-03
20	7.309139E-03
21	7.294826E-03
22	7.280547E-03
23	7.086496E-03
24	7.036676E-03
25	7.033661E-03
26	7.018373E-03
27	7.016941E-03
28	6.687828E-03
29	6.528348E-03
30	6.527937E-03
31	6.527582E-03
32	6.503643E-03
33	6.458679E-03
34	6.448773E-03
35	6.444416E-03
36	6.142431E-03
37	6.141700E-03
38	6.141496E-03
39	6.140363E-03
40	6.115864E-03
41	6.092143E-03
42	6.075362E-03
43	6.075072E-03
44	5.879925E-03
45	5.879736E-03
46	5.874921E-03
47	5.874877E-03
48	5.865296E-03
49	5.784351E-03
50	5.784269E-03
51	5.784226E-03
52	5.784196E-03
53	5.723414E-03
54	5.719860E-03
55	5.719838E-03
56	5.719793E-03
57	5.706077E-03
58	5.627712E-03
59	5.627697E-03
60	5.627671E-03
61	5.627648E-03
62	5.555369E-03
63	5.555352E-03
64	5.555340E-03
65	5.548257E-03
66	5.497432E-03
67	5.497421E-03
68	5.497403E-03
69	5.493933E-03
70	5.475230E-03
71	5.448162E-03
72	5.413268E-03
73	5.407605E-03
74	5.407594E-03
75	5.397322E-03
76	5.397309E-03
77	5.351996E-03
78	5.346563E-03
79	5.346554E-03
80	5.330132E-03
81	5.324855E-03
82	5.324847E-03
83	5.324841E-03
84	5.289821E-03
85	5.289813E-03
86	5.264787E-03
87	5.264783E-03
88	5.262810E-03
89	5.262805E-03
90	5.262783E-03
91	5.229134E-03
92	5.227335E-03
93	5.212295E-03
94	5.212291E-03
95	5.204227E-03
96	5.204222E-03
97	5.197340E-03
98	5.197336E-03
99	5.184117E-03
