0	7.223569E+04
1	3.855709E+04
2	1.700236E+04
3	7.875902E+03
4	3.448103E+03
5	1.640035E+03
6	1.014626E+03
7	6.822571E+02
8	5.293977E+02
9	4.755531E+02
10	4.361501E+02
11	3.501231E+02
12	3.252839E+02
13	2.946496E+02
14	2.832610E+02
15	2.686288E+02
16	2.515732E+02
17	2.428772E+02
18	2.364830E+02
19	2.269708E+02
20	2.185157E+02
21	2.086123E+02
22	2.016602E+02
23	1.904592E+02
24	1.811280E+02
25	1.757310E+02
26	1.706781E+02
27	1.571522E+02
28	1.527356E+02
29	1.475364E+02
30	1.423589E+02
31	1.409619E+02
32	1.375255E+02
33	1.347825E+02
34	1.331218E+02
35	1.296056E+02
36	1.290317E+02
37	1.268556E+02
38	1.253884E+02
39	1.230514E+02
40	1.210657E+02
41	1.198862E+02
42	1.186458E+02
43	1.155582E+02
44	1.152776E+02
45	1.139788E+02
46	1.111829E+02
47	1.064888E+02
48	1.049310E+02
49	1.036474E+02
50	1.028026E+02
51	1.015983E+02
52	9.896108E+01
53	9.756120E+01
54	9.734403E+01
55	9.576927E+01
56	9.490974E+01
57	9.426019E+01
58	9.336267E+01
59	9.253592E+01
60	9.237717E+01
61	9.181680E+01
62	8.968245E+01
63	8.898603E+01
64	8.890617E+01
65	8.761753E+01
66	8.698355E+01
67	8.692277E+01
68	8.514251E+01
69	8.347364E+01
70	8.338056E+01
71	8.282718E+01
72	8.241069E+01
73	8.182311E+01
74	8.017137E+01
75	7.901856E+01
76	7.728292E+01
77	7.728292E+01
78	7.715329E+01
79	7.666961E+01
80	7.652978E+01
81	7.647780E+01
82	7.451931E+01
83	7.363958E+01
84	7.271816E+01
85	7.130896E+01
86	7.113522E+01
87	6.948414E+01
88	6.948414E+01
89	6.839056E+01
90	6.718232E+01
91	6.664395E+01
92	6.596588E+01
93	6.581955E+01
94	6.420628E+01
95	6.137349E+01
96	6.057111E+01
97	6.036925E+01
98	6.021405E+01
99	5.995422E+01
100	5.966815E+01
101	5.966815E+01
102	5.896958E+01
103	5.847276E+01
104	5.803427E+01
105	5.803013E+01
106	5.711402E+01
107	5.692832E+01
108	5.614429E+01
109	5.464269E+01
110	5.464269E+01
111	5.445353E+01
112	5.445353E+01
113	5.445353E+01
114	5.344058E+01
115	5.344058E+01
116	5.344058E+01
117	5.344058E+01
118	5.306256E+01
119	5.287934E+01
120	5.243544E+01
121	5.199049E+01
122	5.115260E+01
123	5.115260E+01
124	5.050140E+01
125	5.049875E+01
126	5.017304E+01
127	5.017304E+01
128	5.017304E+01
129	4.982411E+01
130	4.920893E+01
131	4.906629E+01
132	4.906629E+01
133	4.870018E+01
134	4.847281E+01
135	4.764488E+01
136	4.763555E+01
137	4.763555E+01
138	4.763555E+01
139	4.754565E+01
140	4.754565E+01
141	4.725562E+01
142	4.651462E+01
143	4.641197E+01
144	4.641197E+01
145	4.618321E+01
146	4.618321E+01
147	4.606601E+01
148	4.582956E+01
149	4.522068E+01
150	4.522068E+01
151	4.522068E+01
152	4.522068E+01
153	4.511451E+01
154	4.476813E+01
155	4.452415E+01
156	4.415781E+01
157	4.366323E+01
158	4.366323E+01
159	4.319051E+01
160	4.262775E+01
161	4.220082E+01
162	4.108826E+01
163	4.100663E+01
164	4.100663E+01
165	4.054231E+01
166	4.043724E+01
167	4.035772E+01
168	4.035772E+01
169	4.035772E+01
170	4.035772E+01
171	4.009506E+01
172	4.009506E+01
173	4.009506E+01
174	4.009506E+01
175	4.009506E+01
176	4.007532E+01
177	3.988600E+01
178	3.988600E+01
179	3.981460E+01
180	3.951544E+01
181	3.940921E+01
182	3.924579E+01
183	3.924579E+01
184	3.872031E+01
185	3.866868E+01
186	3.819536E+01
187	3.760685E+01
188	3.709724E+01
189	3.692725E+01
190	3.692725E+01
191	3.681184E+01
192	3.681184E+01
193	3.673584E+01
194	3.661451E+01
195	3.652960E+01
196	3.629565E+01
197	3.629565E+01
198	3.609668E+01
199	3.532945E+01
200	3.532945E+01
201	3.521707E+01
202	3.468080E+01
203	3.449927E+01
204	3.436692E+01
205	3.436692E+01
206	3.436692E+01
207	3.436692E+01
208	3.436692E+01
209	3.430746E+01
210	3.430746E+01
211	3.419046E+01
212	3.417118E+01
213	3.399252E+01
214	3.382319E+01
215	3.328576E+01
216	3.328195E+01
217	3.323694E+01
218	3.323694E+01
219	3.310732E+01
220	3.288412E+01
221	3.285705E+01
222	3.272871E+01
223	3.272871E+01
224	3.272871E+01
225	3.252473E+01
226	3.252473E+01
227	3.229855E+01
228	3.212570E+01
229	3.196759E+01
230	3.182520E+01
231	3.172561E+01
232	3.150340E+01
233	3.073808E+01
234	3.067787E+01
235	3.006078E+01
236	3.006078E+01
237	3.002721E+01
238	3.002721E+01
239	3.001722E+01
240	3.001722E+01
241	2.977250E+01
242	2.950850E+01
243	2.950850E+01
244	2.945243E+01
245	2.933191E+01
246	2.902253E+01
247	2.900356E+01
248	2.900356E+01
249	2.855569E+01
250	2.807048E+01
251	2.807048E+01
252	2.807048E+01
253	2.807048E+01
254	2.800900E+01
255	2.780300E+01
256	2.762187E+01
257	2.762187E+01
258	2.762187E+01
259	2.749029E+01
260	2.732049E+01
261	2.732049E+01
262	2.700704E+01
263	2.700704E+01
264	2.699542E+01
265	2.684606E+01
266	2.684606E+01
267	2.653664E+01
268	2.653664E+01
269	2.653664E+01
270	2.653664E+01
271	2.581324E+01
272	2.577087E+01
273	2.577087E+01
274	2.560099E+01
275	2.542451E+01
276	2.542451E+01
277	2.525998E+01
278	2.504135E+01
279	2.504135E+01
280	2.504135E+01
281	2.483297E+01
282	2.477455E+01
283	2.469953E+01
284	2.425406E+01
285	2.425406E+01
286	2.425406E+01
287	2.425406E+01
288	2.411273E+01
289	2.411273E+01
290	2.393559E+01
291	2.388289E+01
292	2.388289E+01
293	2.361994E+01
294	2.349000E+01
295	2.335165E+01
296	2.335165E+01
297	2.327714E+01
298	2.311508E+01
299	2.297629E+01
300	2.281209E+01
301	2.276444E+01
302	2.270180E+01
303	2.270180E+01
304	2.270180E+01
305	2.268890E+01
306	2.268890E+01
307	2.268890E+01
308	2.257899E+01
309	2.257899E+01
310	2.257899E+01
311	2.257899E+01
312	2.243335E+01
313	2.239614E+01
314	2.227547E+01
315	2.227547E+01
316	2.227547E+01
317	2.227547E+01
318	2.227547E+01
319	2.227547E+01
320	2.227547E+01
321	2.203988E+01
322	2.201183E+01
323	2.192818E+01
324	2.192818E+01
325	2.166427E+01
326	2.143865E+01
327	2.143865E+01
328	2.143865E+01
329	2.133258E+01
330	2.133258E+01
331	2.119309E+01
332	2.119309E+01
333	2.075828E+01
334	2.075828E+01
335	2.059884E+01
336	2.044561E+01
337	2.044561E+01
338	2.044561E+01
339	2.041866E+01
340	2.040241E+01
341	2.018042E+01
342	2.005819E+01
343	2.005819E+01
344	1.998972E+01
345	1.998972E+01
346	1.998972E+01
347	1.998972E+01
348	1.963866E+01
349	1.963866E+01
350	1.953273E+01
351	1.952796E+01
352	1.949279E+01
353	1.949279E+01
354	1.949279E+01
355	1.933699E+01
356	1.933699E+01
357	1.933699E+01
358	1.932254E+01
359	1.900543E+01
360	1.900198E+01
361	1.900198E+01
362	1.896703E+01
363	1.884697E+01
364	1.881119E+01
365	1.880500E+01
366	1.871273E+01
367	1.836995E+01
368	1.832306E+01
369	1.832306E+01
370	1.832306E+01
371	1.828667E+01
372	1.825587E+01
373	1.825587E+01
374	1.825195E+01
375	1.825195E+01
376	1.825195E+01
377	1.819804E+01
378	1.819804E+01
379	1.817214E+01
380	1.768125E+01
381	1.768125E+01
382	1.760018E+01
383	1.758199E+01
384	1.758199E+01
385	1.758199E+01
386	1.758199E+01
387	1.758199E+01
388	1.758199E+01
389	1.758199E+01
390	1.743327E+01
391	1.735380E+01
392	1.719654E+01
393	1.719654E+01
394	1.704978E+01
395	1.704978E+01
396	1.703964E+01
397	1.703964E+01
398	1.673302E+01
399	1.649740E+01
400	1.641188E+01
401	1.641188E+01
402	1.641188E+01
403	1.641188E+01
404	1.634484E+01
405	1.634484E+01
406	1.634484E+01
407	1.629505E+01
408	1.629505E+01
409	1.621223E+01
410	1.590359E+01
411	1.572985E+01
412	1.572985E+01
413	1.560867E+01
414	1.556666E+01
415	1.544220E+01
416	1.542651E+01
417	1.528683E+01
418	1.528683E+01
419	1.528683E+01
420	1.528683E+01
421	1.528683E+01
422	1.524094E+01
423	1.524094E+01
424	1.524094E+01
425	1.520924E+01
426	1.520924E+01
427	1.515373E+01
428	1.509546E+01
429	1.509546E+01
430	1.509546E+01
431	1.509546E+01
432	1.469817E+01
433	1.469817E+01
434	1.460220E+01
435	1.449234E+01
436	1.448411E+01
437	1.431518E+01
438	1.431518E+01
439	1.417326E+01
440	1.408879E+01
441	1.408879E+01
442	1.386114E+01
443	1.384228E+01
444	1.376151E+01
445	1.376151E+01
446	1.368152E+01
447	1.368152E+01
448	1.368152E+01
449	1.368152E+01
450	1.359479E+01
451	1.355784E+01
452	1.352703E+01
453	1.336652E+01
454	1.336652E+01
455	1.322162E+01
456	1.322162E+01
457	1.320747E+01
458	1.320747E+01
459	1.320747E+01
460	1.309066E+01
461	1.309066E+01
462	1.304042E+01
463	1.304042E+01
464	1.299461E+01
465	1.299461E+01
466	1.289441E+01
467	1.273546E+01
468	1.273546E+01
469	1.273546E+01
470	1.273442E+01
471	1.273442E+01
472	1.264576E+01
473	1.264576E+01
474	1.264576E+01
475	1.259878E+01
476	1.259878E+01
477	1.257442E+01
478	1.237480E+01
479	1.237480E+01
480	1.231335E+01
481	1.231335E+01
482	1.214366E+01
483	1.212832E+01
484	1.212832E+01
485	1.212832E+01
486	1.200597E+01
487	1.188190E+01
488	1.188190E+01
489	1.188190E+01
490	1.188190E+01
491	1.188190E+01
492	1.188190E+01
493	1.188190E+01
494	1.173035E+01
495	1.160582E+01
496	1.160582E+01
497	1.160582E+01
498	1.160582E+01
499	1.152149E+01
500	1.152149E+01
501	1.151277E+01
502	1.146883E+01
503	1.146883E+01
504	1.146883E+01
505	1.145403E+01
506	1.145403E+01
507	1.145403E+01
508	1.141646E+01
509	1.141646E+01
510	1.141646E+01
511	1.141646E+01
512	1.141646E+01
513	1.129784E+01
514	1.119858E+01
515	1.119858E+01
516	1.119858E+01
517	1.119858E+01
518	1.111639E+01
519	1.108739E+01
520	1.108739E+01
521	1.089507E+01
522	1.077462E+01
523	1.077462E+01
524	1.077462E+01
525	1.076733E+01
526	1.067798E+01
527	1.067798E+01
528	1.063312E+01
529	1.057871E+01
530	1.057871E+01
531	1.047954E+01
532	1.047954E+01
533	1.047954E+01
534	1.030888E+01
535	1.030888E+01
536	1.030888E+01
537	1.012211E+01
538	1.010559E+01
539	1.007353E+01
540	1.007353E+01
541	1.007353E+01
542	1.007353E+01
543	1.007353E+01
544	1.007353E+01
545	1.006469E+01
546	1.006469E+01
547	1.004429E+01
548	9.915222E+00
549	9.878106E+00
550	9.878106E+00
551	9.770171E+00
552	9.744257E+00
553	9.703449E+00
554	9.472813E+00
555	9.462048E+00
556	9.462048E+00
557	9.432396E+00
558	9.432396E+00
559	9.407959E+00
560	9.355123E+00
561	9.261732E+00
562	9.244706E+00
563	9.225644E+00
564	9.176122E+00
565	9.176122E+00
566	9.176122E+00
567	9.153482E+00
568	9.051070E+00
569	9.051070E+00
570	8.998353E+00
571	8.998353E+00
572	8.998353E+00
573	8.998353E+00
574	8.815720E+00
575	8.815720E+00
576	8.773307E+00
577	8.735220E+00
578	8.611739E+00
579	8.611739E+00
580	8.611739E+00
581	8.611739E+00
582	8.611739E+00
583	8.611739E+00
584	8.325499E+00
585	8.325499E+00
586	8.325499E+00
587	8.246283E+00
588	8.217862E+00
589	8.123424E+00
590	8.098839E+00
591	8.097196E+00
592	8.097196E+00
593	8.097196E+00
594	8.066885E+00
595	7.975776E+00
596	7.975776E+00
597	7.912076E+00
598	7.912076E+00
599	7.730063E+00
600	7.730063E+00
601	7.694417E+00
602	7.682971E+00
603	7.658601E+00
604	7.637708E+00
605	7.637708E+00
606	7.637708E+00
607	7.629382E+00
608	7.541015E+00
609	7.541015E+00
610	7.541015E+00
611	7.497762E+00
612	7.497762E+00
613	7.374700E+00
614	7.320809E+00
615	7.253151E+00
616	7.241042E+00
617	7.207133E+00
618	7.113412E+00
619	7.008632E+00
620	7.008632E+00
621	7.008632E+00
622	7.000515E+00
623	7.000515E+00
624	6.856056E+00
625	6.847425E+00
626	6.739458E+00
627	6.739458E+00
628	6.739458E+00
629	6.739458E+00
630	6.705300E+00
631	6.669185E+00
632	6.669185E+00
633	6.649454E+00
634	6.649454E+00
635	6.596553E+00
636	6.571683E+00
637	6.508468E+00
638	6.508468E+00
639	6.508468E+00
640	6.508468E+00
641	6.508468E+00
642	6.508468E+00
643	6.504183E+00
644	6.395686E+00
645	6.395686E+00
646	6.395686E+00
647	6.395686E+00
648	6.326184E+00
649	6.326184E+00
650	6.326184E+00
651	6.326184E+00
652	6.224837E+00
653	6.224837E+00
654	6.224837E+00
655	6.184780E+00
656	6.119897E+00
657	6.119897E+00
658	6.119897E+00
659	6.111655E+00
660	6.090986E+00
661	6.090986E+00
662	6.042540E+00
663	6.014069E+00
664	6.014069E+00
665	5.970255E+00
666	5.970255E+00
667	5.925116E+00
668	5.921098E+00
669	5.900909E+00
670	5.900909E+00
671	5.883270E+00
672	5.794648E+00
673	5.794648E+00
674	5.794648E+00
675	5.794648E+00
676	5.769134E+00
677	5.735323E+00
678	5.735323E+00
679	5.720101E+00
680	5.673651E+00
681	5.673651E+00
682	5.673122E+00
683	5.668660E+00
684	5.648709E+00
685	5.648709E+00
686	5.603309E+00
687	5.603309E+00
688	5.591281E+00
689	5.591281E+00
690	5.510167E+00
691	5.498757E+00
692	5.450093E+00
693	5.373595E+00
694	5.373595E+00
695	5.328179E+00
696	5.328179E+00
697	5.289396E+00
698	5.289396E+00
699	5.277616E+00
700	5.277616E+00
701	5.264855E+00
702	5.264855E+00
703	5.225704E+00
704	5.225704E+00
705	5.225704E+00
706	5.194273E+00
707	5.194273E+00
708	5.194273E+00
709	5.190389E+00
710	5.153190E+00
711	5.153190E+00
712	5.121122E+00
713	5.121122E+00
714	5.120682E+00
715	5.120682E+00
716	5.079492E+00
717	5.026423E+00
718	4.977997E+00
719	4.939309E+00
720	4.939309E+00
721	4.939309E+00
722	4.911875E+00
723	4.911875E+00
724	4.911875E+00
725	4.911875E+00
726	4.911875E+00
727	4.884313E+00
728	4.884313E+00
729	4.848414E+00
730	4.831264E+00
731	4.831264E+00
732	4.831264E+00
733	4.730824E+00
734	4.689430E+00
735	4.658688E+00
736	4.608720E+00
737	4.585416E+00
738	4.567290E+00
739	4.553522E+00
740	4.524954E+00
741	4.524954E+00
742	4.458523E+00
743	4.439663E+00
744	4.413563E+00
745	4.378661E+00
746	4.378661E+00
747	4.378661E+00
748	4.357347E+00
749	4.317912E+00
750	4.308812E+00
751	4.275676E+00
752	4.231283E+00
753	4.209105E+00
754	4.141757E+00
755	4.141757E+00
756	4.094451E+00
757	4.094451E+00
758	4.094451E+00
759	4.062005E+00
760	4.040635E+00
761	4.031980E+00
762	3.988090E+00
763	3.972119E+00
764	3.959506E+00
765	3.959506E+00
766	3.952064E+00
767	3.933308E+00
768	3.933308E+00
769	3.878786E+00
770	3.865772E+00
771	3.848770E+00
772	3.804631E+00
773	3.804631E+00
774	3.765166E+00
775	3.732536E+00
776	3.699134E+00
777	3.699134E+00
778	3.665020E+00
779	3.591749E+00
780	3.579272E+00
781	3.579272E+00
782	3.560827E+00
783	3.558907E+00
784	3.558907E+00
785	3.518022E+00
786	3.510129E+00
787	3.496818E+00
788	3.492492E+00
789	3.479394E+00
790	3.479394E+00
791	3.431441E+00
792	3.399738E+00
793	3.393318E+00
794	3.352640E+00
795	3.316490E+00
796	3.252364E+00
797	3.226656E+00
798	3.226656E+00
799	3.215781E+00
800	3.213465E+00
801	3.208062E+00
802	3.178094E+00
803	3.172822E+00
804	3.146038E+00
805	3.129658E+00
806	3.129658E+00
807	3.129658E+00
808	3.124430E+00
809	3.114540E+00
810	3.077199E+00
811	3.072321E+00
812	3.059240E+00
813	3.059240E+00
814	3.034278E+00
815	3.028670E+00
816	3.028670E+00
817	3.010123E+00
818	2.995612E+00
819	2.995612E+00
820	2.992066E+00
821	2.989762E+00
822	2.940457E+00
823	2.923922E+00
824	2.912915E+00
825	2.894347E+00
826	2.892549E+00
827	2.891373E+00
828	2.871467E+00
829	2.844964E+00
830	2.835782E+00
831	2.784982E+00
832	2.739141E+00
833	2.739141E+00
834	2.730073E+00
835	2.628635E+00
836	2.615372E+00
837	2.603968E+00
838	2.597677E+00
839	2.582840E+00
840	2.522500E+00
841	2.522500E+00
842	2.446957E+00
843	2.403263E+00
844	2.372774E+00
845	2.356887E+00
846	2.354271E+00
847	2.324067E+00
848	2.320814E+00
849	2.308126E+00
850	2.265372E+00
851	2.256941E+00
852	2.214338E+00
853	2.189459E+00
854	2.181921E+00
855	2.082874E+00
856	2.069532E+00
857	2.069431E+00
858	2.042033E+00
859	2.036000E+00
860	2.018364E+00
861	1.984198E+00
862	1.974867E+00
863	1.962329E+00
864	1.924647E+00
865	1.904314E+00
866	1.888265E+00
867	1.868270E+00
868	1.860146E+00
869	1.776434E+00
870	1.748402E+00
871	1.711672E+00
872	1.674440E+00
873	1.661774E+00
874	1.661774E+00
875	1.657495E+00
876	1.656993E+00
877	1.651256E+00
878	1.651256E+00
879	1.646823E+00
880	1.645194E+00
881	1.623052E+00
882	1.570708E+00
883	1.555980E+00
884	1.545047E+00
885	1.527080E+00
886	1.515890E+00
887	1.512468E+00
888	1.512468E+00
889	1.499072E+00
890	1.481978E+00
891	1.474262E+00
892	1.468332E+00
893	1.446023E+00
894	1.418625E+00
895	1.404270E+00
896	1.397728E+00
897	1.388766E+00
898	1.350868E+00
899	1.343993E+00
900	1.324162E+00
901	1.313341E+00
902	1.313341E+00
903	1.291915E+00
904	1.289254E+00
905	1.240429E+00
906	1.231781E+00
907	1.230738E+00
908	1.204313E+00
909	1.203633E+00
910	1.177709E+00
911	1.172033E+00
912	1.162614E+00
913	1.150811E+00
914	1.124088E+00
915	1.096297E+00
916	1.078911E+00
917	1.075792E+00
918	1.057847E+00
919	1.051230E+00
920	1.026080E+00
921	1.016972E+00
922	1.002261E+00
923	9.737206E-01
924	9.556597E-01
925	9.275699E-01
926	9.215641E-01
927	8.876974E-01
928	8.702581E-01
929	8.654126E-01
930	8.598894E-01
931	8.260673E-01
932	7.995974E-01
933	7.821237E-01
934	7.606952E-01
935	7.543788E-01
936	7.349034E-01
937	7.288837E-01
938	7.128709E-01
939	7.114465E-01
940	7.089210E-01
941	6.924432E-01
942	6.888642E-01
943	6.740472E-01
944	6.633475E-01
945	6.455002E-01
946	6.301781E-01
947	6.267259E-01
948	6.179700E-01
949	6.031469E-01
950	5.867757E-01
951	5.572802E-01
952	5.535519E-01
953	5.424623E-01
954	5.368935E-01
955	5.353363E-01
956	5.319771E-01
957	5.279187E-01
958	5.216550E-01
959	5.139140E-01
960	4.956747E-01
961	4.711046E-01
962	4.524150E-01
963	4.472626E-01
964	4.331049E-01
965	4.326587E-01
966	4.233971E-01
967	4.199583E-01
968	4.179075E-01
969	4.071077E-01
970	3.983820E-01
971	3.814572E-01
972	3.681403E-01
973	3.501024E-01
974	3.403081E-01
975	3.337989E-01
976	3.286530E-01
977	3.159681E-01
978	3.067375E-01
979	2.906234E-01
980	2.808731E-01
981	2.632557E-01
982	2.491057E-01
983	2.367527E-01
984	2.302408E-01
985	2.198834E-01
986	2.134023E-01
987	1.998462E-01
988	1.904073E-01
989	1.788049E-01
990	1.703348E-01
991	1.623680E-01
992	1.564242E-01
993	1.474494E-01
994	1.333943E-01
995	1.244633E-01
996	1.188973E-01
997	1.099538E-01
998	1.022630E-01
999	9.616367E-02
